Repeating lookup code 1 time(s).
Using 1 thread(s).
read 200000000 values from ./data/books_200M_uint32 in 391 ms (511.509 M values/s)
data contains duplicates
read 1000 values from ./data/books_200M_uint32_equality_lookups_zipf_1K_3 in 0 ms (inf M values/s)
index, variant, time sec,   cycles, instructions, L1-misses, LLC-misses, branch-misses, task-clock, page-faults, DTLB-loads, DTLB-load-misses, DTLB-stores, DTLB-store-misses, ITLB_loads, ITLB_load-misses, scale,  IPC, CPUs,  GHz 
RESULT:   PGM,      16,     0.00, 10596.18,      5139.54,    163.91,     148.18,          7.05,    4318.79,        2.20,    1522.77,            24.71,     2213.36,             15.52,       0.14,             -nan,  1000, 0.49, 1.02, 2.45 
RESULT: PGM,16,265.638,11703072,7945786585,BinarySearch
RESULT:   PGM,       4,     0.00, 1863.61,       322.11,    144.94,     144.97,          2.54,     809.26,        0.00,      89.49,             0.69,      600.75,              2.64,       -nan,             -nan,  1000, 0.17, 1.14, 2.30 
RESULT: PGM,4,214.177,70640544,10004860796,BinarySearch
RESULT:   PGM,       8,     0.00, 1855.99,       328.83,    144.71,     144.75,          2.49,     807.33,        0.00,      89.25,             0.65,      600.34,              2.64,       -nan,             -nan,  1000, 0.18, 1.14, 2.30 
RESULT: PGM,8,209.999,29643440,8937658189,BinarySearch
RESULT:   PGM,      32,     0.00, 1811.61,       351.63,    144.74,     144.71,          2.56,     856.29,        0.00,      91.47,             0.66,      600.54,              2.64,       -nan,             -nan,  1000, 0.19, 1.14, 2.12 
RESULT: PGM,32,224.826,4119040,7074135771,BinarySearch
RESULT:   PGM,      64,     0.00, 1826.18,       361.15,    144.72,     144.75,          2.53,     793.13,        0.00,      92.24,             0.67,      600.38,              2.62,       -nan,             -nan,  1000, 0.20, 1.14, 2.30 
RESULT: PGM,64,215.915,1293024,6347616190,BinarySearch
RESULT:   PGM,     256,     0.00, 1851.12,       356.24,    144.72,     144.67,          2.52,     803.66,        0.00,      88.14,             0.67,      600.36,              2.68,       -nan,             -nan,  1000, 0.19, 1.14, 2.30 
RESULT: PGM,256,206.316,97616,5412818367,BinarySearch
RESULT:   PGM,    1024,     0.00, 1832.58,       429.51,    144.79,     144.81,          2.60,     797.69,        0.00,      99.51,             0.67,      604.23,              2.62,       -nan,             -nan,  1000, 0.23, 1.14, 2.30 
RESULT: PGM,1024,217.508,7456,5028592083,BinarySearch
RESULT:   PGM,    2048,     0.00, 1789.93,       391.25,    144.72,     144.74,          2.55,     779.56,        0.00,      91.35,             0.68,      600.40,              2.63,       -nan,             -nan,  1000, 0.22, 1.15, 2.30 
RESULT: PGM,2048,203.213,3136,4994857891,BinarySearch
RESULT:   PGM,    4096,     0.00, 1851.05,       408.84,    144.86,     145.10,          2.68,     804.93,        0.00,      94.41,             0.71,      601.40,              2.63,       -nan,             -nan,  1000, 0.22, 1.14, 2.30 
RESULT: PGM,4096,221.453,1744,5007829266,BinarySearch
RESULT:   PGM,    8192,     0.00, 1804.54,       385.59,    144.74,     144.55,          2.49,     785.06,        0.00,      87.17,             0.66,      600.32,              2.64,       -nan,             -nan,  1000, 0.21, 1.14, 2.30 
RESULT: PGM,8192,191.13,1008,5047171713,BinarySearch
RESULT: PGMCacheL (0, 0.000000, 0),      16,     0.00, 10596.35,      4904.67,    162.71,     149.49,          6.12,    4317.96,        2.17,    1477.13,            26.24,     2193.66,             17.27,       0.15,             -nan,  1000, 0.46, 1.02, 2.45 
RESULT: PGMCacheL (985, 0.000000, 1000),16,220.836,11703072,7934715532,BinarySearch
RESULT: PGMCacheL (0, 0.000000, 0),       4,     0.00, 1882.37,       327.09,    144.82,     144.81,          2.66,     817.00,        0.00,     103.01,             0.72,      622.23,              2.64,       -nan,             -nan,  1000, 0.17, 1.14, 2.30 
RESULT: PGMCacheL (985, 0.000000, 1000),4,219.239,70640544,9997587908,BinarySearch
RESULT: PGMCacheL (0, 0.000000, 0),       8,     0.00, 1929.82,       335.71,    145.05,     145.32,          2.87,     836.13,        0.00,     105.66,             0.76,      623.82,              2.66,       -nan,             -nan,  1000, 0.17, 1.14, 2.31 
RESULT: PGMCacheL (985, 0.000000, 1000),8,237.589,29643440,8934454360,BinarySearch
RESULT: PGMCacheL (0, 0.000000, 0),      32,     0.00, 1882.79,       327.33,    144.79,     144.77,          2.68,     816.12,        0.00,     102.98,             0.70,      622.15,              2.65,       -nan,             -nan,  1000, 0.17, 1.14, 2.31 
RESULT: PGMCacheL (985, 0.000000, 1000),32,218.647,4119040,7055170691,BinarySearch
RESULT: PGMCacheL (0, 0.000000, 0),      64,     0.00, 1862.72,       335.47,    144.96,     145.04,          2.81,     808.40,        0.00,     105.24,             0.74,      623.24,              2.62,       -nan,             -nan,  1000, 0.18, 1.14, 2.30 
RESULT: PGMCacheL (985, 0.000000, 1000),64,231.392,1293024,6357380008,BinarySearch
RESULT: PGMCacheL (0, 0.000000, 0),     256,     0.00, 2257.79,       327.13,    144.81,     144.83,          2.65,     733.73,        0.00,     102.89,             0.69,      622.09,              2.79,       -nan,             -nan,  1000, 0.14, 1.12, 3.08 
RESULT: PGMCacheL (985, 0.000000, 1000),256,181.579,97616,5411719154,BinarySearch
RESULT: PGMCacheL (0, 0.000000, 0),    1024,     0.00, 1844.41,       327.81,    144.81,     144.88,          2.65,     801.97,        0.00,     102.97,             0.72,      622.12,              2.62,       -nan,             -nan,  1000, 0.18, 1.14, 2.30 
RESULT: PGMCacheL (985, 0.000000, 1000),1024,222.103,7456,5028806695,BinarySearch
RESULT: PGMCacheL (0, 0.000000, 0),    2048,     0.00, 1860.36,       336.85,    144.92,     144.99,          2.82,     807.84,        0.00,     105.31,             0.77,      623.48,              2.61,       -nan,             -nan,  1000, 0.18, 1.14, 2.30 
RESULT: PGMCacheL (985, 0.000000, 1000),2048,227.571,3136,4992231389,BinarySearch
RESULT: PGMCacheL (0, 0.000000, 0),    4096,     0.00, 2297.84,       330.55,    144.84,     145.01,          2.69,     747.82,        0.00,     103.31,             0.71,      622.54,              2.76,       -nan,             -nan,  1000, 0.14, 1.12, 3.07 
RESULT: PGMCacheL (985, 0.000000, 1000),4096,191.643,1744,5007829640,BinarySearch
RESULT: PGMCacheL (0, 0.000000, 0),    8192,     0.00, 1920.58,       330.07,    144.85,     144.74,          2.67,     799.67,        0.00,     103.23,             0.71,      622.59,              2.63,       -nan,             -nan,  1000, 0.17, 1.13, 2.40 
RESULT: PGMCacheL (985, 0.000000, 1000),8192,213.529,1008,5044571684,BinarySearch
RESULT: PGMCacheR (0, 0.000000, 0),      16,     0.00, 10613.50,      4909.46,    163.05,     149.51,          6.15,    4325.21,        2.17,    1478.93,            26.39,     2194.18,             17.43,       0.17,             -nan,  1000, 0.46, 1.02, 2.45 
RESULT: PGMCacheR (985, 0.000000, 1000),16,222.425,11703072,7949280184,BinarySearch
RESULT: PGMCacheR (0, 0.000000, 0),       4,     0.00, 1882.54,       326.50,    144.80,     144.71,          2.62,     817.44,        0.00,     102.91,             0.71,      622.14,              2.62,       -nan,             -nan,  1000, 0.17, 1.14, 2.30 
RESULT: PGMCacheR (985, 0.000000, 1000),4,217.769,70640544,9993455736,BinarySearch
RESULT: PGMCacheR (0, 0.000000, 0),       8,     0.00, 1917.41,       334.19,    144.94,     145.20,          2.76,     831.79,        0.00,     105.06,             0.75,      623.15,              2.64,       -nan,             -nan,  1000, 0.17, 1.14, 2.31 
RESULT: PGMCacheR (985, 0.000000, 1000),8,231.39,29643440,8933288882,BinarySearch
RESULT: PGMCacheR (0, 0.000000, 0),      32,     0.00, 1917.03,       327.40,    144.80,     144.84,          2.69,     797.91,        0.00,     103.01,             0.71,      622.15,              2.65,       -nan,             -nan,  1000, 0.17, 1.13, 2.40 
RESULT: PGMCacheR (985, 0.000000, 1000),32,213.381,4119040,7062672277,BinarySearch
RESULT: PGMCacheR (0, 0.000000, 0),      64,     0.00, 1859.23,       327.62,    144.80,     144.73,          2.64,     807.63,        0.00,     103.01,             0.71,      622.09,              2.64,       -nan,             -nan,  1000, 0.18, 1.14, 2.30 
RESULT: PGMCacheR (985, 0.000000, 1000),64,219.504,1293024,6357088836,BinarySearch
RESULT: PGMCacheR (0, 0.000000, 0),     256,     0.00, 1840.34,       326.50,    144.76,     144.71,          2.64,     800.54,        0.00,     102.72,             0.70,      621.95,              2.66,       -nan,             -nan,  1000, 0.18, 1.14, 2.30 
RESULT: PGMCacheR (985, 0.000000, 1000),256,222.24,97616,5411412815,BinarySearch
RESULT: PGMCacheR (0, 0.000000, 0),    1024,     0.00, 1884.02,       327.94,    144.81,     144.89,          2.69,     818.72,        0.00,     103.01,             0.71,      622.16,              2.62,       -nan,             -nan,  1000, 0.17, 1.14, 2.30 
RESULT: PGMCacheR (985, 0.000000, 1000),1024,223.581,7456,5028750738,BinarySearch
RESULT: PGMCacheR (0, 0.000000, 0),    2048,     0.00, 1930.25,       334.39,    144.93,     144.98,          2.81,     835.10,        0.00,     105.01,             0.75,      623.10,              2.69,       -nan,             -nan,  1000, 0.17, 1.13, 2.31 
RESULT: PGMCacheR (985, 0.000000, 1000),2048,227.103,3136,4991916745,BinarySearch
RESULT: PGMCacheR (0, 0.000000, 0),    4096,     0.00, 2146.61,       328.09,    144.81,     144.92,          2.65,     745.29,        0.00,     103.00,             0.72,      622.10,              2.71,       -nan,             -nan,  1000, 0.15, 1.12, 2.88 
RESULT: PGMCacheR (985, 0.000000, 1000),4096,191.343,1744,5008049034,BinarySearch
RESULT: PGMCacheR (0, 0.000000, 0),    8192,     0.00, 1831.40,       327.40,    144.78,     144.78,          2.65,     795.48,        0.00,     102.85,             0.71,      622.07,              2.62,       -nan,             -nan,  1000, 0.18, 1.14, 2.30 
RESULT: PGMCacheR (985, 0.000000, 1000),8192,215.506,1008,5044753459,BinarySearch
