Repeating lookup code 1 time(s).
Using 1 thread(s).
read 200000000 values from ./data/books_200M_uint32 in 392 ms (510.204 M values/s)
data contains duplicates
read 50000 values from ./data/books_200M_uint32_equality_lookups_zipf_50K_3 in 4 ms (12.5 M values/s)
index, variant, time sec, cycles, instructions, L1-misses, LLC-misses, branch-misses, task-clock, page-faults, DTLB-loads, DTLB-load-misses, DTLB-stores, DTLB-store-misses, ITLB_loads, ITLB_load-misses, scale,  IPC, CPUs,  GHz 
RESULT:   PGM,      16,     0.01, 394.68,       330.17,      3.60,       2.98,          0.35,     148.84,        0.04,      87.92,             0.48,       49.22,              0.31,       0.00,             -nan, 50000, 0.84, 1.01, 2.65 
RESULT: PGM,16,73.7049,11703072,7955645621,BinarySearch
RESULT:   PGM,       4,     0.00, 212.33,       214.70,      3.16,       2.92,          0.20,      86.53,        0.00,      57.74,             0.02,       16.96,              0.05,       0.00,             -nan, 50000, 1.01, 1.02, 2.45 
RESULT: PGM,4,74.3788,70640544,10008648055,BinarySearch
RESULT:   PGM,       8,     0.00, 220.10,       225.50,      3.15,       2.92,          0.25,      82.97,        0.00,      58.70,             0.02,       16.95,              0.06,       0.00,             -nan, 50000, 1.02, 1.02, 2.65 
RESULT: PGM,8,71.2505,29643440,8937348659,BinarySearch
RESULT:   PGM,      32,     0.00, 227.60,       247.37,      3.15,       2.92,          0.29,      92.76,        0.00,      60.69,             0.02,       16.95,              0.05,       0.00,             -nan, 50000, 1.09, 1.02, 2.45 
RESULT: PGM,32,80.6218,4119040,7068516930,BinarySearch
RESULT:   PGM,      64,     0.00, 226.63,       257.16,      3.15,       2.91,          0.26,      92.30,        0.00,      61.58,             0.02,       16.94,              0.05,       0.00,             -nan, 50000, 1.13, 1.02, 2.46 
RESULT: PGM,64,80.8293,1293024,6351008745,BinarySearch
RESULT:   PGM,     256,     0.00, 202.59,       252.50,      3.15,       2.91,          0.27,      76.34,        0.00,      57.52,             0.02,       16.95,              0.05,       0.01,             -nan, 50000, 1.25, 1.02, 2.65 
RESULT: PGM,256,63.9546,97616,5411433650,BinarySearch
RESULT:   PGM,    1024,     0.00, 207.85,       276.43,      3.16,       2.92,          0.29,      84.71,        0.00,      59.70,             0.02,       16.96,              0.05,       0.00,             -nan, 50000, 1.33, 1.02, 2.45 
RESULT: PGM,1024,72.5969,7456,5029519336,BinarySearch
RESULT:   PGM,    2048,     0.00, 216.93,       287.24,      3.15,       2.91,          0.29,      67.08,        0.00,      60.64,             0.02,       16.92,              0.06,       -nan,             -nan, 50000, 1.32, 1.03, 3.23 
RESULT: PGM,2048,55.6379,3136,4995617477,BinarySearch
RESULT:   PGM,    4096,     0.00, 214.21,       298.38,      3.15,       2.92,          0.29,      87.30,        0.00,      61.69,             0.02,       16.95,              0.05,       0.00,             -nan, 50000, 1.39, 1.02, 2.45 
RESULT: PGM,4096,75.1583,1744,5007949520,BinarySearch
RESULT:   PGM,    8192,     0.00, 178.80,       281.93,      3.15,       2.90,          0.26,      72.94,        0.00,      56.53,             0.02,       16.92,              0.05,       -nan,             -nan, 50000, 1.58, 1.03, 2.45 
RESULT: PGM,8192,60.689,1008,5046870954,BinarySearch
RESULT: PGMCacheL (0, 0.000000, 0),      16,     0.00, 186.80,       204.27,      3.17,       2.92,          0.11,      76.11,        0.00,      67.65,             0.02,       38.08,              0.05,       0.00,             -nan, 50000, 1.09, 1.03, 2.45 
RESULT: PGMCacheL (49947, 0.000000, 50000),16,64.0637,11703072,7934993692,BinarySearch
RESULT: PGMCacheL (0, 0.000000, 0),       4,     0.00, 182.24,       203.64,      3.16,       2.91,          0.11,      74.92,        0.00,      67.50,             0.02,       37.99,              0.05,       0.00,             -nan, 50000, 1.12, 1.04, 2.43 
RESULT: PGMCacheL (49947, 0.000000, 50000),4,62.1301,70640544,9996643167,BinarySearch
RESULT: PGMCacheL (0, 0.000000, 0),       8,     0.00, 187.89,       203.78,      3.16,       2.92,          0.11,      76.55,        0.00,      67.54,             0.02,       38.01,              0.05,       0.01,             -nan, 50000, 1.08, 1.03, 2.45 
RESULT: PGMCacheL (49947, 0.000000, 50000),8,64.4699,29643440,8938256393,BinarySearch
RESULT: PGMCacheL (0, 0.000000, 0),      32,     0.00, 184.35,       203.52,      3.15,       2.91,          0.10,      75.15,        0.00,      67.50,             0.02,       37.99,              0.05,       0.00,             0.07, 50000, 1.10, 1.03, 2.45 
RESULT: PGMCacheL (49947, 0.000000, 50000),32,62.9291,4119040,7060651152,BinarySearch
RESULT: PGMCacheL (0, 0.000000, 0),      64,     0.00, 184.00,       203.85,      3.17,       2.93,          0.11,      74.98,        0.00,      67.54,             0.02,       38.04,              0.05,       0.00,             0.06, 50000, 1.11, 1.03, 2.45 
RESULT: PGMCacheL (49947, 0.000000, 50000),64,63.3825,1293024,6357828522,BinarySearch
RESULT: PGMCacheL (0, 0.000000, 0),     256,     0.00, 185.05,       203.66,      3.16,       2.91,          0.11,      75.44,        0.00,      67.49,             0.02,       37.99,              0.05,       0.01,             -nan, 50000, 1.10, 1.03, 2.45 
RESULT: PGMCacheL (49947, 0.000000, 50000),256,63.7525,97616,5412910972,BinarySearch
RESULT: PGMCacheL (0, 0.000000, 0),    1024,     0.00, 186.24,       203.75,      3.17,       2.92,          0.11,      76.50,        0.00,      67.51,             0.02,       38.01,              0.05,       0.00,             -nan, 50000, 1.09, 1.03, 2.43 
RESULT: PGMCacheL (49947, 0.000000, 50000),1024,63.7974,7456,5030026917,BinarySearch
RESULT: PGMCacheL (0, 0.000000, 0),    2048,     0.00, 185.30,       203.84,      3.16,       2.91,          0.11,      75.54,        0.00,      67.54,             0.02,       38.01,              0.05,       0.01,             -nan, 50000, 1.10, 1.03, 2.45 
RESULT: PGMCacheL (49947, 0.000000, 50000),2048,63.4186,3136,4991862415,BinarySearch
RESULT: PGMCacheL (0, 0.000000, 0),    4096,     0.00, 188.95,       203.91,      3.16,       2.91,          0.11,      77.01,        0.00,      67.52,             0.02,       38.02,              0.05,       0.01,             -nan, 50000, 1.08, 1.03, 2.45 
RESULT: PGMCacheL (49947, 0.000000, 50000),4096,64.9018,1744,5007290925,BinarySearch
RESULT: PGMCacheL (0, 0.000000, 0),    8192,     0.00, 184.71,       203.56,      3.16,       2.91,          0.11,      75.90,        0.00,      67.49,             0.02,       37.99,              0.05,       0.00,             -nan, 50000, 1.10, 1.04, 2.43 
RESULT: PGMCacheL (49947, 0.000000, 50000),8192,63.1814,1008,5044652675,BinarySearch
RESULT: PGMCacheR (0, 0.000000, 0),      16,     0.00, 184.60,       203.77,      3.16,       2.91,          0.11,      75.86,        0.00,      67.58,             0.02,       38.03,              0.05,       0.00,             0.08, 50000, 1.10, 1.04, 2.43 
RESULT: PGMCacheR (49947, 0.000000, 50000),16,63.1039,11703072,7935909826,BinarySearch
RESULT: PGMCacheR (0, 0.000000, 0),       4,     0.00, 186.36,       203.64,      3.16,       2.91,          0.10,      79.16,        0.00,      67.50,             0.02,       37.99,              0.05,       0.00,             -nan, 50000, 1.09, 1.03, 2.35 
RESULT: PGMCacheR (49947, 0.000000, 50000),4,66.7265,70640544,9998100016,BinarySearch
RESULT: PGMCacheR (0, 0.000000, 0),       8,     0.00, 187.99,       203.81,      3.16,       2.92,          0.11,      76.63,        0.00,      67.54,             0.02,       38.02,              0.06,       0.01,             -nan, 50000, 1.08, 1.03, 2.45 
RESULT: PGMCacheR (49947, 0.000000, 50000),8,64.4279,29643440,8934924068,BinarySearch
RESULT: PGMCacheR (0, 0.000000, 0),      32,     0.00, 185.69,       203.66,      3.16,       2.91,          0.11,      75.71,        0.00,      67.50,             0.02,       37.99,              0.05,       0.01,             -nan, 50000, 1.10, 1.03, 2.45 
RESULT: PGMCacheR (49947, 0.000000, 50000),32,63.5224,4119040,7061522738,BinarySearch
RESULT: PGMCacheR (0, 0.000000, 0),      64,     0.00, 182.00,       203.53,      3.15,       2.90,          0.10,      74.19,        0.00,      67.45,             0.02,       37.95,              0.05,       -nan,             -nan, 50000, 1.12, 1.03, 2.45 
RESULT: PGMCacheR (49947, 0.000000, 50000),64,62.5814,1293024,6357937342,BinarySearch
RESULT: PGMCacheR (0, 0.000000, 0),     256,     0.00, 189.77,       203.67,      3.16,       2.91,          0.11,      77.35,        0.00,      67.50,             0.02,       37.99,              0.05,       0.00,             -nan, 50000, 1.07, 1.03, 2.45 
RESULT: PGMCacheR (49947, 0.000000, 50000),256,65.221,97616,5413463532,BinarySearch
RESULT: PGMCacheR (0, 0.000000, 0),    1024,     0.00, 189.01,       203.56,      3.16,       2.91,          0.10,      71.33,        0.00,      67.45,             0.02,       37.96,              0.05,       -nan,             -nan, 50000, 1.08, 1.03, 2.65 
RESULT: PGMCacheR (49947, 0.000000, 50000),1024,59.5006,7456,5029698678,BinarySearch
RESULT: PGMCacheR (0, 0.000000, 0),    2048,     0.00, 187.10,       203.56,      3.16,       2.91,          0.10,      70.63,        0.00,      67.45,             0.02,       37.96,              0.05,       -nan,             -nan, 50000, 1.09, 1.03, 2.65 
RESULT: PGMCacheR (49947, 0.000000, 50000),2048,58.8424,3136,4991657464,BinarySearch
RESULT: PGMCacheR (0, 0.000000, 0),    4096,     0.00, 188.29,       203.84,      3.17,       2.91,          0.11,      76.75,        0.00,      67.53,             0.02,       38.01,              0.05,       0.01,             -nan, 50000, 1.08, 1.03, 2.45 
RESULT: PGMCacheR (49947, 0.000000, 50000),4096,65.056,1744,5007681775,BinarySearch
RESULT: PGMCacheR (0, 0.000000, 0),    8192,     0.00, 186.53,       203.70,      3.16,       2.91,          0.11,      76.02,        0.00,      67.49,             0.02,       37.99,              0.05,       0.01,             -nan, 50000, 1.09, 1.03, 2.45 
RESULT: PGMCacheR (49947, 0.000000, 50000),8192,63.9031,1008,5044888957,BinarySearch
