Repeating lookup code 1 time(s).
Using 1 thread(s).
read 200000000 values from ./data/books_200M_uint32 in 391 ms (511.509 M values/s)
data contains duplicates
read 1000 values from ./data/books_200M_uint32_equality_lookups_zipf_1K_2 in 17 ms (0.0588235 M values/s)
index, variant, time sec,   cycles, instructions, L1-misses, LLC-misses, branch-misses, task-clock, page-faults, DTLB-loads, DTLB-load-misses, DTLB-stores, DTLB-store-misses, ITLB_loads, ITLB_load-misses, scale,  IPC, CPUs,  GHz 
RESULT:   PGM,      16,     0.00, 10618.81,      5158.69,    160.44,     148.37,          7.64,    4327.56,        2.21,    1532.64,            25.01,     2215.01,             15.56,       0.21,             -nan,  1000, 0.49, 1.02, 2.45 
RESULT: PGM,16,274.718,11703072,7950822172,BinarySearch
RESULT:   PGM,       4,     0.00, 1922.46,       329.21,    145.13,     145.38,          3.06,     832.88,        0.00,      91.53,             0.72,      601.70,              2.65,       -nan,             -nan,  1000, 0.17, 1.14, 2.31 
RESULT: PGM,4,234.618,70640544,10036342778,BinarySearch
RESULT:   PGM,       8,     0.00, 1876.43,       329.29,    144.80,     144.79,          2.94,     814.32,        0.00,      89.23,             0.67,      600.33,              2.67,       -nan,             -nan,  1000, 0.18, 1.14, 2.30 
RESULT: PGM,8,219.154,29643440,8953208245,BinarySearch
RESULT:   PGM,      32,     0.00, 1889.98,       350.29,    144.76,     144.84,          3.05,     819.82,        0.00,      91.09,             0.66,      600.30,              2.64,       -nan,             -nan,  1000, 0.19, 1.14, 2.31 
RESULT: PGM,32,222.532,4119040,7068519357,BinarySearch
RESULT:   PGM,      64,     0.00, 1836.47,       360.86,    144.86,     144.77,          3.08,     797.34,        0.00,      92.12,             0.66,      600.39,              2.63,       -nan,             -nan,  1000, 0.20, 1.14, 2.30 
RESULT: PGM,64,221.413,1293024,6348678105,BinarySearch
RESULT:   PGM,     256,     0.00, 1862.52,       353.11,    144.90,     144.82,          3.22,     808.31,        0.00,      87.77,             0.66,      600.36,              2.65,       -nan,             -nan,  1000, 0.19, 1.14, 2.30 
RESULT: PGM,256,211,97616,5421142405,BinarySearch
RESULT:   PGM,    1024,     0.00, 1825.77,       379.19,    144.88,     144.90,          3.24,     795.02,        0.00,      90.07,             0.66,      600.26,              2.62,       -nan,             -nan,  1000, 0.21, 1.14, 2.30 
RESULT: PGM,1024,215.451,7456,5028899834,BinarySearch
RESULT:   PGM,    2048,     0.00, 2150.70,       390.05,    144.86,     144.90,          3.20,     722.53,        0.00,      91.03,             0.67,      600.22,              2.73,       -nan,             -nan,  1000, 0.18, 1.12, 2.98 
RESULT: PGM,2048,183.002,3136,4995185503,BinarySearch
RESULT:   PGM,    4096,     0.00, 1831.45,       401.31,    144.88,     144.87,          3.17,     795.84,        0.00,      92.12,             0.67,      600.31,              2.66,       -nan,             -nan,  1000, 0.22, 1.14, 2.30 
RESULT: PGM,4096,215.097,1744,5007737656,BinarySearch
RESULT:   PGM,    8192,     0.00, 1827.97,       383.50,    144.88,     144.85,          3.11,     794.56,        0.00,      86.81,             0.67,      600.18,              2.66,       -nan,             -nan,  1000, 0.21, 1.14, 2.30 
RESULT: PGM,8192,202.03,1008,5046999781,BinarySearch
RESULT: PGMCacheL (0, 0.000000, 0),      16,     0.00, 10523.10,      4919.45,    162.86,     149.17,          6.37,    4287.37,        2.17,    1479.49,            26.03,     2197.64,             16.80,       0.23,             -nan,  1000, 0.47, 1.02, 2.45 
RESULT: PGMCacheL (956, 0.000000, 1000),16,218.603,11703072,7930314659,BinarySearch
RESULT: PGMCacheL (0, 0.000000, 0),       4,     0.00, 2003.89,       332.70,    144.97,     145.17,          2.99,     801.37,        0.00,     104.98,             0.75,      623.95,              2.70,       -nan,             -nan,  1000, 0.17, 1.13, 2.50 
RESULT: PGMCacheL (956, 0.000000, 1000),4,217.796,70640544,9997039069,BinarySearch
RESULT: PGMCacheL (0, 0.000000, 0),       8,     0.00, 1897.30,       335.18,    145.02,     145.20,          2.93,     822.08,        0.00,     105.38,             0.77,      624.22,              2.66,       -nan,             -nan,  1000, 0.18, 1.14, 2.31 
RESULT: PGMCacheL (956, 0.000000, 1000),8,229.563,29643440,8930857003,BinarySearch
RESULT: PGMCacheL (0, 0.000000, 0),      32,     0.00, 1870.95,       328.07,    144.91,     144.93,          2.85,     813.04,        0.00,     103.20,             0.71,      623.11,              2.67,       -nan,             -nan,  1000, 0.18, 1.14, 2.30 
RESULT: PGMCacheL (956, 0.000000, 1000),32,216.048,4119040,7056708727,BinarySearch
RESULT: PGMCacheL (0, 0.000000, 0),      64,     0.00, 1842.83,       329.00,    144.98,     145.03,          2.88,     801.58,        0.00,     103.39,             0.71,      623.24,              2.63,       -nan,             -nan,  1000, 0.18, 1.14, 2.30 
RESULT: PGMCacheL (956, 0.000000, 1000),64,220.198,1293024,6357911451,BinarySearch
RESULT: PGMCacheL (0, 0.000000, 0),     256,     0.00, 1919.33,       328.02,    144.94,     144.93,          2.89,     799.91,        0.00,     103.02,             0.71,      623.07,              2.66,       -nan,             -nan,  1000, 0.17, 1.14, 2.40 
RESULT: PGMCacheL (956, 0.000000, 1000),256,212.069,97616,5413027828,BinarySearch
RESULT: PGMCacheL (0, 0.000000, 0),    1024,     0.00, 2210.87,       329.63,    145.02,     145.03,          2.88,     719.58,        0.00,     103.23,             0.74,      623.19,              2.77,       -nan,             -nan,  1000, 0.15, 1.12, 3.07 
RESULT: PGMCacheL (956, 0.000000, 1000),1024,184.331,7456,5030868617,BinarySearch
RESULT: PGMCacheL (0, 0.000000, 0),    2048,     0.00, 1852.39,       332.02,    145.23,     145.26,          3.03,     804.25,        0.00,     103.87,             0.75,      623.85,              2.67,       -nan,             -nan,  1000, 0.18, 1.14, 2.30 
RESULT: PGMCacheL (956, 0.000000, 1000),2048,226.15,3136,4991882266,BinarySearch
RESULT: PGMCacheL (0, 0.000000, 0),    4096,     0.00, 1880.37,       337.49,    145.08,     144.97,          2.95,     816.43,        0.00,     104.10,             0.74,      624.32,              2.66,       -nan,             -nan,  1000, 0.18, 1.14, 2.30 
RESULT: PGMCacheL (956, 0.000000, 1000),4096,220.53,1744,5007541959,BinarySearch
RESULT: PGMCacheL (0, 0.000000, 0),    8192,     0.00, 1861.06,       336.27,    145.03,     145.01,          2.96,     807.74,        0.00,     103.75,             0.72,      624.17,              2.62,       -nan,             -nan,  1000, 0.18, 1.14, 2.30 
RESULT: PGMCacheL (956, 0.000000, 1000),8192,217.305,1008,5044353472,BinarySearch
RESULT: PGMCacheR (0, 0.000000, 0),      16,     0.00, 10606.06,      4919.16,    165.25,     149.31,          6.50,    4314.13,        2.17,    1479.88,            26.18,     2197.17,             17.10,       0.32,             -nan,  1000, 0.46, 1.02, 2.46 
RESULT: PGMCacheR (956, 0.000000, 1000),16,216.014,11703072,7930448611,BinarySearch
RESULT: PGMCacheR (0, 0.000000, 0),       4,     0.00, 1892.78,       332.99,    145.00,     145.21,          2.94,     822.32,        0.00,     105.06,             0.76,      623.95,              2.64,       -nan,             -nan,  1000, 0.18, 1.14, 2.30 
RESULT: PGMCacheR (956, 0.000000, 1000),4,227.126,70640544,9994717626,BinarySearch
RESULT: PGMCacheR (0, 0.000000, 0),       8,     0.00, 1904.63,       333.45,    145.00,     145.14,          2.90,     826.11,        0.00,     105.16,             0.76,      624.09,              2.65,       -nan,             -nan,  1000, 0.18, 1.14, 2.31 
RESULT: PGMCacheR (956, 0.000000, 1000),8,228.132,29643440,8932401058,BinarySearch
RESULT: PGMCacheR (0, 0.000000, 0),      32,     0.00, 1868.68,       328.08,    144.90,     144.86,          2.85,     810.65,        0.00,     103.22,             0.72,      623.14,              2.66,       -nan,             -nan,  1000, 0.18, 1.14, 2.31 
RESULT: PGMCacheR (956, 0.000000, 1000),32,215.388,4119040,7057314379,BinarySearch
RESULT: PGMCacheR (0, 0.000000, 0),      64,     0.00, 1871.41,       328.46,    144.95,     144.89,          2.84,     812.78,        0.00,     103.25,             0.73,      623.10,              2.65,       -nan,             -nan,  1000, 0.18, 1.14, 2.30 
RESULT: PGMCacheR (956, 0.000000, 1000),64,216.981,1293024,6357392733,BinarySearch
RESULT: PGMCacheR (0, 0.000000, 0),     256,     0.00, 1834.29,       328.03,    144.93,     144.97,          2.94,     797.50,        0.00,     103.03,             0.72,      623.08,              2.64,       -nan,             -nan,  1000, 0.18, 1.14, 2.30 
RESULT: PGMCacheR (956, 0.000000, 1000),256,217.422,97616,5412859118,BinarySearch
RESULT: PGMCacheR (0, 0.000000, 0),    1024,     0.00, 1858.74,       329.45,    145.04,     144.68,          2.91,     806.26,        0.00,     103.16,             0.72,      623.08,              2.65,       -nan,             -nan,  1000, 0.18, 1.14, 2.31 
RESULT: PGMCacheR (956, 0.000000, 1000),1024,214.387,7456,5030601918,BinarySearch
RESULT: PGMCacheR (0, 0.000000, 0),    2048,     0.00, 1911.80,       329.85,    145.02,     145.01,          2.90,     797.38,        0.00,     103.21,             0.73,      623.13,              2.69,       -nan,             -nan,  1000, 0.17, 1.14, 2.40 
RESULT: PGMCacheR (956, 0.000000, 1000),2048,210.236,3136,4991762954,BinarySearch
RESULT: PGMCacheR (0, 0.000000, 0),    4096,     0.00, 1854.29,       331.90,    145.05,     144.74,          2.91,     805.19,        0.00,     103.45,             0.72,      623.21,              2.66,       -nan,             -nan,  1000, 0.18, 1.14, 2.30 
RESULT: PGMCacheR (956, 0.000000, 1000),4096,214.605,1744,5007705233,BinarySearch
RESULT: PGMCacheR (0, 0.000000, 0),    8192,     0.00, 1911.71,       329.36,    145.04,     144.98,          2.88,     766.42,        0.00,     102.97,             0.71,      623.05,              2.68,       -nan,             -nan,  1000, 0.17, 1.14, 2.49 
RESULT: PGMCacheR (956, 0.000000, 1000),8192,205.664,1008,5044129223,BinarySearch
