Repeating lookup code 1 time(s).
Using 1 thread(s).
read 200000000 values from ./data/books_200M_uint32 in 390 ms (512.821 M values/s)
data contains duplicates
read 1000000 values from ./data/books_200M_uint32_equality_lookups_zipf_1M_3 in 153 ms (6.53595 M values/s)
index, variant, time sec, cycles, instructions, L1-misses, LLC-misses, branch-misses, task-clock, page-faults, DTLB-loads, DTLB-load-misses, DTLB-stores, DTLB-store-misses, ITLB_loads, ITLB_load-misses,   scale,  IPC, CPUs,  GHz 
RESULT:   PGM,      16,     0.06, 202.32,       236.44,      0.46,       0.19,          0.22,      63.12,        0.00,      59.67,             0.03,        7.47,              0.02,       0.00,             0.00, 1000000, 1.17, 1.00, 3.21 
RESULT: PGM,16,59.068,11703072,7949590840,BinarySearch
RESULT:   PGM,       4,     0.06, 184.07,       213.61,      0.43,       0.18,          0.15,      57.56,        0.00,      56.50,             0.00,        5.66,              0.00,       0.00,             0.00, 1000000, 1.16, 1.00, 3.20 
RESULT: PGM,4,56.9704,70640544,10008815635,BinarySearch
RESULT:   PGM,       8,     0.06, 189.19,       224.80,      0.44,       0.18,          0.20,      58.80,        0.00,      57.26,             0.00,        5.64,              0.00,       0.00,             0.00, 1000000, 1.19, 1.00, 3.22 
RESULT: PGM,8,58.2095,29643440,8935876271,BinarySearch
RESULT:   PGM,      32,     0.06, 197.74,       245.99,      0.45,       0.19,          0.23,      62.76,        0.00,      59.41,             0.00,        5.65,              0.00,       0.00,             0.00, 1000000, 1.24, 1.00, 3.15 
RESULT: PGM,32,62.185,4119040,7074124769,BinarySearch
RESULT:   PGM,      64,     0.06, 199.64,       255.69,      0.44,       0.18,          0.21,      62.34,        0.00,      60.42,             0.00,        5.66,              0.00,       0.00,             0.00, 1000000, 1.28, 1.00, 3.20 
RESULT: PGM,64,61.7529,1293024,6350688439,BinarySearch
RESULT:   PGM,     256,     0.05, 169.70,       252.95,      0.43,       0.18,          0.21,      49.88,        0.00,      56.31,             0.00,        5.67,              0.00,       0.01,             0.00, 1000000, 1.49, 1.00, 3.40 
RESULT: PGM,256,49.3273,97616,5412574452,BinarySearch
RESULT:   PGM,    1024,     0.06, 177.61,       276.86,      0.43,       0.18,          0.23,      55.88,        0.00,      58.39,             0.00,        5.65,              0.00,       0.00,             0.00, 1000000, 1.56, 1.00, 3.18 
RESULT: PGM,1024,55.293,7456,5030287812,BinarySearch
RESULT:   PGM,    2048,     0.06, 181.22,       286.98,      0.44,       0.18,          0.23,      57.72,        0.00,      59.27,             0.00,        5.64,              0.00,       0.00,             0.00, 1000000, 1.58, 1.00, 3.14 
RESULT: PGM,2048,57.1294,3136,4995395242,BinarySearch
RESULT:   PGM,    4096,     0.06, 186.26,       298.65,      0.43,       0.18,          0.23,      56.85,        0.00,      60.29,             0.01,        5.65,              0.00,       0.00,             0.00, 1000000, 1.60, 1.00, 3.28 
RESULT: PGM,4096,56.2428,1744,5007985899,BinarySearch
RESULT:   PGM,    8192,     0.05, 151.95,       283.89,      0.43,       0.18,          0.20,      48.40,        0.00,      54.84,             0.00,        5.63,              0.00,       0.00,             0.00, 1000000, 1.87, 1.00, 3.14 
RESULT: PGM,8192,47.8061,1008,5047441418,BinarySearch
RESULT: PGMCacheL (0, 0.000000, 0),      16,     0.06, 191.51,       211.35,      0.44,       0.18,          0.09,      59.46,        0.00,      69.79,             0.01,       27.16,              0.00,       0.00,             0.00, 1000000, 1.10, 1.00, 3.22 
RESULT: PGMCacheL (999874, 0.000000, 1000000),16,58.8672,11703072,7935856690,BinarySearch
RESULT: PGMCacheL (0, 0.000000, 0),       4,     0.06, 191.29,       211.33,      0.44,       0.18,          0.09,      60.86,        0.00,      69.92,             0.01,       27.17,              0.00,       0.00,             0.00, 1000000, 1.10, 1.00, 3.14 
RESULT: PGMCacheL (999874, 0.000000, 1000000),4,60.2707,70640544,9999350673,BinarySearch
RESULT: PGMCacheL (0, 0.000000, 0),       8,     0.06, 193.22,       210.59,      0.43,       0.18,          0.09,      58.78,        0.00,      70.43,             0.01,       27.20,              0.00,       0.00,             0.00, 1000000, 1.09, 1.00, 3.29 
RESULT: PGMCacheL (999874, 0.000000, 1000000),8,58.2045,29643440,8933286184,BinarySearch
RESULT: PGMCacheL (0, 0.000000, 0),      32,     0.06, 193.35,       211.46,      0.44,       0.18,          0.09,      61.47,        0.00,      69.76,             0.01,       27.15,              0.00,       0.00,             0.00, 1000000, 1.09, 1.00, 3.15 
RESULT: PGMCacheL (999874, 0.000000, 1000000),32,60.8716,4119040,7064073201,BinarySearch
RESULT: PGMCacheL (0, 0.000000, 0),      64,     0.06, 192.93,       211.22,      0.44,       0.18,          0.10,      61.34,        0.00,      69.86,             0.01,       27.16,              0.00,       0.00,             0.00, 1000000, 1.09, 1.00, 3.15 
RESULT: PGMCacheL (999874, 0.000000, 1000000),64,60.7439,1293024,6359153600,BinarySearch
RESULT: PGMCacheL (0, 0.000000, 0),     256,     0.06, 194.46,       210.94,      0.43,       0.18,          0.09,      59.21,        0.00,      70.55,             0.01,       27.20,              0.00,       0.00,             0.00, 1000000, 1.08, 1.00, 3.28 
RESULT: PGMCacheL (999874, 0.000000, 1000000),256,58.6267,97616,5413125116,BinarySearch
RESULT: PGMCacheL (0, 0.000000, 0),    1024,     0.06, 194.45,       211.43,      0.45,       0.18,          0.09,      61.79,        0.00,      69.68,             0.01,       27.14,              0.00,       0.00,             0.00, 1000000, 1.09, 1.00, 3.15 
RESULT: PGMCacheL (999874, 0.000000, 1000000),1024,61.2015,7456,5030218236,BinarySearch
RESULT: PGMCacheL (0, 0.000000, 0),    2048,     0.06, 191.30,       210.78,      0.44,       0.18,          0.09,      60.53,        0.00,      69.99,             0.01,       27.20,              0.00,       0.00,             0.00, 1000000, 1.10, 1.00, 3.16 
RESULT: PGMCacheL (999874, 0.000000, 1000000),2048,59.9367,3136,4992034597,BinarySearch
RESULT: PGMCacheL (0, 0.000000, 0),    4096,     0.06, 197.84,       213.23,      0.43,       0.18,          0.09,      58.82,        0.00,      70.02,             0.01,       27.12,              0.00,       0.00,             0.00, 1000000, 1.08, 1.00, 3.36 
RESULT: PGMCacheL (999874, 0.000000, 1000000),4096,58.2437,1744,5010316283,BinarySearch
RESULT: PGMCacheL (0, 0.000000, 0),    8192,     0.06, 193.06,       211.62,      0.44,       0.18,          0.10,      61.38,        0.00,      69.69,             0.01,       27.14,              0.00,       0.00,             0.00, 1000000, 1.10, 1.00, 3.15 
RESULT: PGMCacheL (999874, 0.000000, 1000000),8192,60.7871,1008,5045161320,BinarySearch
RESULT: PGMCacheR (0, 0.000000, 0),      16,     0.06, 192.10,       212.46,      0.44,       0.18,          0.09,      59.34,        0.00,      70.00,             0.01,       27.15,              0.00,       0.00,             0.00, 1000000, 1.11, 1.00, 3.24 
RESULT: PGMCacheR (999874, 0.000000, 1000000),16,58.7705,11703072,7935071258,BinarySearch
RESULT: PGMCacheR (0, 0.000000, 0),       4,     0.06, 191.69,       211.91,      0.44,       0.18,          0.09,      59.60,        0.00,      69.89,             0.01,       27.14,              0.00,       0.00,             0.00, 1000000, 1.11, 1.00, 3.22 
RESULT: PGMCacheR (999874, 0.000000, 1000000),4,59.0189,70640544,10002306162,BinarySearch
RESULT: PGMCacheR (0, 0.000000, 0),       8,     0.06, 196.88,       212.93,      0.43,       0.18,          0.09,      60.06,        0.00,      69.62,             0.01,       27.12,              0.00,       0.00,             0.00, 1000000, 1.08, 1.00, 3.28 
RESULT: PGMCacheR (999874, 0.000000, 1000000),8,59.4259,29643440,8933905377,BinarySearch
RESULT: PGMCacheR (0, 0.000000, 0),      32,     0.06, 193.80,       211.90,      0.44,       0.18,          0.09,      60.21,        0.00,      69.75,             0.01,       27.12,              0.00,       0.00,             0.00, 1000000, 1.09, 1.00, 3.22 
RESULT: PGMCacheR (999874, 0.000000, 1000000),32,59.6181,4119040,7065252274,BinarySearch
RESULT: PGMCacheR (0, 0.000000, 0),      64,     0.06, 193.93,       212.03,      0.44,       0.18,          0.09,      58.84,        0.00,      69.84,             0.01,       27.13,              0.00,       0.00,             0.00, 1000000, 1.09, 1.00, 3.30 
RESULT: PGMCacheR (999874, 0.000000, 1000000),64,58.2503,1293024,6357559102,BinarySearch
RESULT: PGMCacheR (0, 0.000000, 0),     256,     0.06, 193.86,       210.81,      0.43,       0.18,          0.10,      58.49,        0.00,      70.57,             0.01,       27.21,              0.00,       0.00,             0.00, 1000000, 1.09, 1.00, 3.31 
RESULT: PGMCacheR (999874, 0.000000, 1000000),256,57.9006,97616,5413699895,BinarySearch
RESULT: PGMCacheR (0, 0.000000, 0),    1024,     0.06, 194.41,       211.10,      0.45,       0.18,          0.10,      61.69,        0.00,      69.65,             0.01,       27.16,              0.00,       0.00,             0.00, 1000000, 1.09, 1.00, 3.15 
RESULT: PGMCacheR (999874, 0.000000, 1000000),1024,61.0964,7456,5029976538,BinarySearch
RESULT: PGMCacheR (0, 0.000000, 0),    2048,     0.06, 193.92,       210.36,      0.42,       0.18,          0.09,      57.57,        0.00,      70.72,             0.01,       27.20,              0.00,       0.00,             0.00, 1000000, 1.08, 1.00, 3.37 
RESULT: PGMCacheR (999874, 0.000000, 1000000),2048,56.975,3136,4991772032,BinarySearch
RESULT: PGMCacheR (0, 0.000000, 0),    4096,     0.06, 194.92,       210.75,      0.43,       0.18,          0.09,      58.99,        0.00,      70.52,             0.01,       27.25,              0.00,       0.00,             0.00, 1000000, 1.08, 1.00, 3.30 
RESULT: PGMCacheR (999874, 0.000000, 1000000),4096,58.4185,1744,5007868459,BinarySearch
RESULT: PGMCacheR (0, 0.000000, 0),    8192,     0.06, 194.17,       212.01,      0.44,       0.18,          0.09,      60.32,        0.00,      69.71,             0.01,       27.12,              0.00,       0.00,             0.00, 1000000, 1.09, 1.00, 3.22 
RESULT: PGMCacheR (999874, 0.000000, 1000000),8192,59.7227,1008,5045081101,BinarySearch
