Repeating lookup code 1 time(s).
Using 1 thread(s).
read 200000000 values from ./data/books_200M_uint32 in 399 ms (501.253 M values/s)
data contains duplicates
read 100000 values from ./data/books_200M_uint32_equality_lookups_zipf_100K_3 in 0 ms (inf M values/s)
index, variant, time sec, cycles, instructions, L1-misses, LLC-misses, branch-misses, task-clock, page-faults, DTLB-loads, DTLB-load-misses, DTLB-stores, DTLB-store-misses, ITLB_loads, ITLB_load-misses,  scale,  IPC, CPUs,  GHz 
RESULT:   PGM,      16,     0.01, 290.28,       240.20,      1.87,       1.50,          0.28,     118.20,        0.02,      73.60,             0.26,       27.11,              0.16,       0.00,             0.12, 100000, 0.83, 1.01, 2.46 
RESULT: PGM,16,77.4071,11703072,7966395843,BinarySearch
RESULT:   PGM,       4,     0.01, 193.99,       214.39,      1.71,       1.46,          0.18,      79.02,        0.00,      57.40,             0.01,       10.99,              0.03,       0.00,             -nan, 100000, 1.11, 1.01, 2.45 
RESULT: PGM,4,73.0949,70640544,10023841573,BinarySearch
RESULT:   PGM,       8,     0.01, 199.35,       224.67,      1.70,       1.46,          0.23,      81.21,        0.00,      58.37,             0.01,       10.98,              0.03,       0.00,             -nan, 100000, 1.13, 1.01, 2.45 
RESULT: PGM,8,75.2516,29643440,8949502985,BinarySearch
RESULT:   PGM,      32,     0.01, 208.27,       246.17,      1.71,       1.46,          0.26,      81.52,        0.00,      60.36,             0.01,       10.98,              0.03,       0.00,             -nan, 100000, 1.18, 1.01, 2.55 
RESULT: PGM,32,75.7153,4119040,7077415364,BinarySearch
RESULT:   PGM,      64,     0.01, 250.89,       255.99,      1.70,       1.46,          0.23,      75.25,        0.00,      61.23,             0.01,       10.97,              0.03,       0.00,             -nan, 100000, 1.02, 1.01, 3.33 
RESULT: PGM,64,69.761,1293024,6356871584,BinarySearch
RESULT:   PGM,     256,     0.01, 180.76,       251.43,      1.70,       1.46,          0.24,      76.78,        0.00,      57.20,             0.01,       10.98,              0.03,       0.01,             0.10, 100000, 1.39, 1.01, 2.35 
RESULT: PGM,256,70.7058,97616,5417653010,BinarySearch
RESULT:   PGM,    1024,     0.01, 187.98,       275.22,      1.70,       1.46,          0.26,      76.57,        0.00,      59.34,             0.01,       10.97,              0.03,       0.00,             -nan, 100000, 1.46, 1.01, 2.46 
RESULT: PGM,1024,70.6205,7456,5035557319,BinarySearch
RESULT:   PGM,    2048,     0.01, 191.32,       287.32,      1.71,       1.46,          0.26,      78.00,        0.00,      60.36,             0.01,       10.98,              0.03,       0.00,             -nan, 100000, 1.50, 1.02, 2.45 
RESULT: PGM,2048,71.8564,3136,5001195083,BinarySearch
RESULT:   PGM,    4096,     0.01, 194.88,       298.40,      1.71,       1.46,          0.26,      79.37,        0.00,      61.36,             0.01,       10.99,              0.03,       0.00,             -nan, 100000, 1.53, 1.01, 2.46 
RESULT: PGM,4096,73.4908,1744,5016521456,BinarySearch
RESULT:   PGM,    8192,     0.01, 162.17,       280.93,      1.70,       1.46,          0.23,      63.48,        0.00,      56.23,             0.01,       10.97,              0.03,       0.00,             -nan, 100000, 1.73, 1.02, 2.55 
RESULT: PGM,8192,57.6246,1008,5056574369,BinarySearch
RESULT: PGMCacheL (0, 0.000000, 0),      16,     0.01, 160.55,       200.40,      1.72,       1.46,          0.05,      65.50,        0.00,      66.64,             0.02,       32.04,              0.03,       0.00,             -nan, 100000, 1.25, 1.02, 2.45 
RESULT: PGMCacheL (99938, 0.000000, 100000),16,59.4601,11703072,7945184724,BinarySearch
RESULT: PGMCacheL (0, 0.000000, 0),       4,     0.01, 159.02,       200.20,      1.71,       1.46,          0.05,      64.88,        0.00,      66.60,             0.02,       32.01,              0.03,       0.00,             -nan, 100000, 1.26, 1.02, 2.45 
RESULT: PGMCacheL (99938, 0.000000, 100000),4,58.8355,70640544,10015342054,BinarySearch
RESULT: PGMCacheL (0, 0.000000, 0),       8,     0.01, 161.32,       200.24,      1.72,       1.47,          0.05,      65.74,        0.00,      66.61,             0.02,       32.02,              0.03,       0.00,             -nan, 100000, 1.24, 1.02, 2.45 
RESULT: PGMCacheL (99938, 0.000000, 100000),8,59.7941,29643440,8945361291,BinarySearch
RESULT: PGMCacheL (0, 0.000000, 0),      32,     0.01, 157.64,       200.14,      1.71,       1.45,          0.05,      73.16,        0.00,      66.58,             0.01,       32.00,              0.03,       0.00,             -nan, 100000, 1.27, 1.02, 2.15 
RESULT: PGMCacheL (99938, 0.000000, 100000),32,66.5317,4119040,7069064177,BinarySearch
RESULT: PGMCacheL (0, 0.000000, 0),      64,     0.01, 159.02,       200.16,      1.71,       1.46,          0.05,      64.80,        0.00,      66.58,             0.02,       32.00,              0.03,       0.00,             -nan, 100000, 1.26, 1.02, 2.45 
RESULT: PGMCacheL (99938, 0.000000, 100000),64,59.0108,1293024,6371336933,BinarySearch
RESULT: PGMCacheL (0, 0.000000, 0),     256,     0.00, 163.54,       200.15,      1.71,       1.46,          0.05,      50.29,        0.00,      66.58,             0.01,       32.00,              0.03,       0.00,             -nan, 100000, 1.22, 1.02, 3.25 
RESULT: PGMCacheL (99938, 0.000000, 100000),256,44.9839,97616,5421483357,BinarySearch
RESULT: PGMCacheL (0, 0.000000, 0),    1024,     0.01, 161.09,       200.19,      1.72,       1.46,          0.05,      65.64,        0.00,      66.59,             0.01,       32.01,              0.03,       0.00,             -nan, 100000, 1.24, 1.02, 2.45 
RESULT: PGMCacheL (99938, 0.000000, 100000),1024,59.7468,7456,5038634602,BinarySearch
RESULT: PGMCacheL (0, 0.000000, 0),    2048,     0.01, 159.26,       200.18,      1.71,       1.46,          0.05,      64.97,        0.00,      66.58,             0.02,       32.00,              0.03,       0.00,             -nan, 100000, 1.26, 1.02, 2.45 
RESULT: PGMCacheL (99938, 0.000000, 100000),2048,58.9918,3136,4997601343,BinarySearch
RESULT: PGMCacheL (0, 0.000000, 0),    4096,     0.01, 161.41,       200.28,      1.71,       1.46,          0.05,      65.85,        0.00,      66.60,             0.01,       32.02,              0.03,       0.00,             -nan, 100000, 1.24, 1.02, 2.45 
RESULT: PGMCacheL (99938, 0.000000, 100000),4096,59.8163,1744,5013209092,BinarySearch
RESULT: PGMCacheL (0, 0.000000, 0),    8192,     0.01, 160.31,       200.26,      1.72,       1.46,          0.05,      65.30,        0.00,      66.59,             0.01,       32.02,              0.03,       0.00,             -nan, 100000, 1.25, 1.02, 2.46 
RESULT: PGMCacheL (99938, 0.000000, 100000),8192,59.3871,1008,5050706412,BinarySearch
RESULT: PGMCacheR (0, 0.000000, 0),      16,     0.01, 160.33,       200.31,      1.71,       1.46,          0.05,      65.40,        0.00,      66.62,             0.02,       32.03,              0.03,       0.00,             -nan, 100000, 1.25, 1.02, 2.45 
RESULT: PGMCacheR (99938, 0.000000, 100000),16,59.4093,11703072,7948507024,BinarySearch
RESULT: PGMCacheR (0, 0.000000, 0),       4,     0.01, 158.79,       200.20,      1.71,       1.46,          0.05,      64.72,        0.00,      66.60,             0.02,       32.01,              0.03,       0.00,             -nan, 100000, 1.26, 1.02, 2.45 
RESULT: PGMCacheR (99938, 0.000000, 100000),4,58.754,70640544,10018226305,BinarySearch
RESULT: PGMCacheR (0, 0.000000, 0),       8,     0.01, 162.89,       200.20,      1.71,       1.46,          0.05,      61.46,        0.00,      66.60,             0.02,       32.01,              0.03,       0.00,             -nan, 100000, 1.23, 1.02, 2.65 
RESULT: PGMCacheR (99938, 0.000000, 100000),8,55.6075,29643440,8946649948,BinarySearch
RESULT: PGMCacheR (0, 0.000000, 0),      32,     0.01, 160.10,       200.15,      1.71,       1.46,          0.05,      65.31,        0.00,      66.58,             0.02,       32.00,              0.03,       0.00,             -nan, 100000, 1.25, 1.02, 2.45 
RESULT: PGMCacheR (99938, 0.000000, 100000),32,59.2768,4119040,7072805845,BinarySearch
RESULT: PGMCacheR (0, 0.000000, 0),      64,     0.01, 159.70,       200.15,      1.71,       1.46,          0.05,      65.14,        0.00,      66.58,             0.02,       32.00,              0.03,       0.00,             -nan, 100000, 1.25, 1.02, 2.45 
RESULT: PGMCacheR (99938, 0.000000, 100000),64,59.225,1293024,6365983650,BinarySearch
RESULT: PGMCacheR (0, 0.000000, 0),     256,     0.01, 160.74,       200.15,      1.71,       1.46,          0.05,      65.58,        0.00,      66.58,             0.01,       32.00,              0.03,       0.00,             -nan, 100000, 1.25, 1.02, 2.45 
RESULT: PGMCacheR (99938, 0.000000, 100000),256,59.554,97616,5420061538,BinarySearch
RESULT: PGMCacheR (0, 0.000000, 0),    1024,     0.01, 160.68,       200.17,      1.71,       1.46,          0.05,      65.49,        0.00,      66.58,             0.01,       32.00,              0.03,       0.00,             -nan, 100000, 1.25, 1.02, 2.45 
RESULT: PGMCacheR (99938, 0.000000, 100000),1024,59.5353,7456,5035578580,BinarySearch
RESULT: PGMCacheR (0, 0.000000, 0),    2048,     0.01, 160.61,       200.24,      1.71,       1.46,          0.05,      60.61,        0.00,      66.60,             0.02,       32.01,              0.03,       0.00,             -nan, 100000, 1.25, 1.02, 2.65 
RESULT: PGMCacheR (99938, 0.000000, 100000),2048,54.7074,3136,5000723878,BinarySearch
RESULT: PGMCacheR (0, 0.000000, 0),    4096,     0.01, 161.16,       200.20,      1.71,       1.46,          0.05,      65.74,        0.00,      66.59,             0.01,       32.00,              0.03,       0.00,             -nan, 100000, 1.24, 1.02, 2.45 
RESULT: PGMCacheR (99938, 0.000000, 100000),4096,59.8593,1744,5016668181,BinarySearch
RESULT: PGMCacheR (0, 0.000000, 0),    8192,     0.01, 159.94,       200.17,      1.71,       1.46,          0.05,      65.24,        0.00,      66.58,             0.01,       32.00,              0.03,       0.00,             -nan, 100000, 1.25, 1.02, 2.45 
RESULT: PGMCacheR (99938, 0.000000, 100000),8192,59.2049,1008,5050335455,BinarySearch
