Repeating lookup code 1 time(s).
Using 1 thread(s).
read 200000000 values from ./data/books_200M_uint64 in 767 ms (260.756 M values/s)
data is unique
read 1000 values from ./data/books_200M_uint64_equality_lookups_zipf_1K_1 in 15 ms (0.0666667 M values/s)
index, variant, time sec,   cycles, instructions, L1-misses, LLC-misses, branch-misses, task-clock, page-faults, DTLB-loads, DTLB-load-misses, DTLB-stores, DTLB-store-misses, ITLB_loads, ITLB_load-misses, scale,  IPC, CPUs,  GHz 
RESULT:   PGM,      16,     0.00, 10581.10,      5126.23,    165.29,     147.13,          8.41,    4312.82,        2.20,    1518.55,            24.51,     2215.38,             15.41,       0.27,             -nan,  1000, 0.48, 1.02, 2.45 
RESULT: PGM,16,294.551,15418020,8470781959,BinarySearch
RESULT:   PGM,       4,     0.00, 1957.44,       353.24,    145.41,     145.26,          3.46,     847.41,        0.00,      97.45,             0.75,      601.05,              2.64,       -nan,             -nan,  1000, 0.18, 1.13, 2.31 
RESULT: PGM,4,250.969,142554100,12018755215,BinarySearch
RESULT:   PGM,       8,     0.00, 1903.82,       332.50,    145.20,     144.96,          3.50,     825.07,        0.00,      91.08,             0.70,      600.72,              2.66,       -nan,             -nan,  1000, 0.17, 1.14, 2.31 
RESULT: PGM,8,229.484,45175800,9716503775,BinarySearch
RESULT:   PGM,      32,     0.00, 1912.84,       351.77,    145.19,     144.98,          3.67,     829.85,        0.00,      92.76,             0.69,      600.74,              2.67,       -nan,             -nan,  1000, 0.18, 1.14, 2.31 
RESULT: PGM,32,231.138,5268320,7598246152,BinarySearch
RESULT:   PGM,      64,     0.00, 2159.90,       469.39,    145.90,     145.49,          4.00,     928.56,        0.05,     125.85,             1.36,      637.25,              3.00,       -nan,             -nan,  1000, 0.22, 1.12, 2.33 
RESULT: PGM,64,236.099,1615200,6939849180,BinarySearch
RESULT:   PGM,     256,     0.00, 1881.88,       356.69,    145.53,     145.21,          4.08,     817.34,        0.00,      89.49,             0.72,      600.64,              2.64,       -nan,             -nan,  1000, 0.19, 1.14, 2.30 
RESULT: PGM,256,225.642,119580,6065744390,BinarySearch
RESULT:   PGM,    1024,     0.00, 1867.15,       377.49,    145.68,     145.23,          4.13,     844.16,        0.00,      91.42,             0.76,      600.74,              2.63,       -nan,             -nan,  1000, 0.20, 1.14, 2.21 
RESULT: PGM,1024,235.618,9080,5718573428,BinarySearch
RESULT:   PGM,    2048,     0.00, 1875.34,       393.79,    145.71,     145.37,          4.13,     814.49,        0.00,      92.88,             0.77,      600.69,              2.63,       -nan,             -nan,  1000, 0.21, 1.14, 2.30 
RESULT: PGM,2048,233.241,4000,5697683349,BinarySearch
RESULT:   PGM,    4096,     0.00, 1881.92,       390.06,    146.01,     145.32,          4.12,     816.14,        0.00,      89.53,             0.78,      599.64,              2.64,       -nan,             -nan,  1000, 0.21, 1.14, 2.31 
RESULT: PGM,4096,228.202,2120,5707219359,BinarySearch
RESULT:   PGM,    8192,     0.00, 1901.45,       416.60,    146.17,     145.71,          4.20,     824.70,        0.00,      96.35,             0.86,      601.56,              2.63,       -nan,             -nan,  1000, 0.22, 1.14, 2.31 
RESULT: PGM,8192,246.744,1280,5739905766,BinarySearch
RESULT: PGMCacheL (0, 0.000000, 0),      16,     0.00, 10561.22,      5001.18,    165.33,     148.81,          7.19,    4303.62,        2.17,    1496.23,            25.08,     2197.66,             16.59,       0.26,             -nan,  1000, 0.47, 1.02, 2.45 
RESULT: PGMCacheL (854, 0.000000, 1000),16,256.773,15418020,8512642525,BinarySearch
RESULT: PGMCacheL (0, 0.000000, 0),       4,     0.00, 1948.50,       344.50,    145.50,     145.13,          3.88,     845.00,        0.00,     102.47,             0.88,      619.18,              2.66,       -nan,             -nan,  1000, 0.18, 1.14, 2.31 
RESULT: PGMCacheL (854, 0.000000, 1000),4,250.636,142554100,12153960949,BinarySearch
RESULT: PGMCacheL (0, 0.000000, 0),       8,     0.00, 1943.07,       344.47,    145.50,     145.13,          3.85,     841.89,        0.00,     102.13,             0.86,      619.61,              2.65,       -nan,             -nan,  1000, 0.18, 1.14, 2.31 
RESULT: PGMCacheL (854, 0.000000, 1000),8,246.592,45175800,9741448752,BinarySearch
RESULT: PGMCacheL (0, 0.000000, 0),      32,     0.00, 1940.68,       344.95,    145.56,     145.08,          3.87,     840.32,        0.00,     101.93,             0.88,      619.31,              2.65,       -nan,             -nan,  1000, 0.18, 1.13, 2.31 
RESULT: PGMCacheL (854, 0.000000, 1000),32,247.502,5268320,7616951311,BinarySearch
RESULT: PGMCacheL (0, 0.000000, 0),      64,     0.00, 1978.56,       352.81,    145.76,     145.37,          4.03,     855.92,        0.00,     104.09,             0.89,      620.25,              2.65,       -nan,             -nan,  1000, 0.18, 1.13, 2.31 
RESULT: PGMCacheL (854, 0.000000, 1000),64,258.408,1615200,6981290110,BinarySearch
RESULT: PGMCacheL (0, 0.000000, 0),     256,     0.00, 1944.37,       345.36,    145.85,     145.24,          4.09,     842.83,        0.00,     101.46,             0.90,      619.37,              2.65,       -nan,             -nan,  1000, 0.18, 1.14, 2.31 
RESULT: PGMCacheL (854, 0.000000, 1000),256,249.384,119580,6100377557,BinarySearch
RESULT: PGMCacheL (0, 0.000000, 0),    1024,     0.00, 1912.90,       347.02,    146.18,     145.55,          4.19,     830.11,        0.00,     101.45,             0.94,      619.18,              2.63,       -nan,             -nan,  1000, 0.18, 1.14, 2.30 
RESULT: PGMCacheL (854, 0.000000, 1000),1024,252.177,9080,5753526205,BinarySearch
RESULT: PGMCacheL (0, 0.000000, 0),    2048,     0.00, 1946.86,       350.53,    146.19,     145.46,          4.21,     844.93,        0.00,     101.93,             0.97,      619.39,              2.61,       -nan,             -nan,  1000, 0.18, 1.14, 2.30 
RESULT: PGMCacheL (854, 0.000000, 1000),2048,250.612,4000,5731862838,BinarySearch
RESULT: PGMCacheL (0, 0.000000, 0),    4096,     0.00, 1937.53,       358.11,    146.50,     145.77,          4.37,     874.72,        0.00,     104.05,             0.97,      620.36,              2.63,       -nan,             -nan,  1000, 0.18, 1.13, 2.22 
RESULT: PGMCacheL (854, 0.000000, 1000),4096,267.224,2120,5742518419,BinarySearch
RESULT: PGMCacheL (0, 0.000000, 0),    8192,     0.00, 1987.79,       351.85,    146.67,     145.89,          4.26,     859.59,        0.00,     101.98,             1.01,      619.26,              2.64,       -nan,             -nan,  1000, 0.18, 1.13, 2.31 
RESULT: PGMCacheL (854, 0.000000, 1000),8192,263.399,1280,5775629642,BinarySearch
RESULT: PGMCacheR (0, 0.000000, 0),      16,     0.00, 10612.68,      5018.45,    166.43,     149.10,          7.43,    4326.08,        2.17,    1505.58,            25.41,     2195.75,             16.81,       0.28,             -nan,  1000, 0.47, 1.02, 2.45 
RESULT: PGMCacheR (854, 0.000000, 1000),16,253.243,15418020,8513514241,BinarySearch
RESULT: PGMCacheR (0, 0.000000, 0),       4,     0.00, 1945.45,       345.41,    145.47,     145.07,          3.80,     842.28,        0.00,     102.67,             0.88,      619.33,              2.64,       -nan,             -nan,  1000, 0.18, 1.13, 2.31 
RESULT: PGMCacheR (854, 0.000000, 1000),4,249.581,142554100,12156828460,BinarySearch
RESULT: PGMCacheR (0, 0.000000, 0),       8,     0.00, 1982.10,       348.53,    145.58,     145.35,          3.93,     856.81,        0.00,     103.78,             0.91,      620.27,              2.66,       -nan,             -nan,  1000, 0.18, 1.13, 2.31 
RESULT: PGMCacheR (854, 0.000000, 1000),8,260.481,45175800,9743829063,BinarySearch
RESULT: PGMCacheR (0, 0.000000, 0),      32,     0.00, 1952.93,       345.67,    145.60,     145.16,          3.89,     845.02,        0.00,     102.11,             0.88,      619.45,              2.66,       -nan,             -nan,  1000, 0.18, 1.13, 2.31 
RESULT: PGMCacheR (854, 0.000000, 1000),32,251.162,5268320,7617497163,BinarySearch
RESULT: PGMCacheR (0, 0.000000, 0),      64,     0.00, 1981.02,       353.33,    145.76,     145.42,          4.12,     856.81,        0.00,     104.17,             0.89,      620.27,              2.64,       -nan,             -nan,  1000, 0.18, 1.13, 2.31 
RESULT: PGMCacheR (854, 0.000000, 1000),64,259.633,1615200,6981625072,BinarySearch
RESULT: PGMCacheR (0, 0.000000, 0),     256,     0.00, 1932.84,       343.97,    145.91,     145.20,          4.09,     836.99,        0.00,     101.24,             0.89,      619.24,              2.63,       -nan,             -nan,  1000, 0.18, 1.13, 2.31 
RESULT: PGMCacheR (854, 0.000000, 1000),256,244.138,119580,6101617249,BinarySearch
RESULT: PGMCacheR (0, 0.000000, 0),    1024,     0.00, 1956.40,       347.66,    146.20,     145.45,          4.24,     847.07,        0.00,     101.68,             0.92,      619.44,              2.66,       -nan,             -nan,  1000, 0.18, 1.13, 2.31 
RESULT: PGMCacheR (854, 0.000000, 1000),1024,251.107,9080,5753655097,BinarySearch
RESULT: PGMCacheR (0, 0.000000, 0),    2048,     0.00, 1901.21,       350.67,    146.22,     145.49,          4.22,     824.96,        0.00,     101.97,             0.97,      619.42,              2.65,       -nan,             -nan,  1000, 0.18, 1.14, 2.30 
RESULT: PGMCacheR (854, 0.000000, 1000),2048,249.813,4000,5732145720,BinarySearch
RESULT: PGMCacheR (0, 0.000000, 0),    4096,     0.00, 1943.08,       358.44,    146.61,     146.00,          4.34,     840.77,        0.00,     104.08,             0.98,      620.37,              2.64,       -nan,             -nan,  1000, 0.18, 1.13, 2.31 
RESULT: PGMCacheR (854, 0.000000, 1000),4096,263.781,2120,5742315783,BinarySearch
RESULT: PGMCacheR (0, 0.000000, 0),    8192,     0.00, 1961.20,       351.94,    146.57,     145.75,          4.25,     848.80,        0.00,     101.98,             0.99,      619.25,              2.66,       -nan,             -nan,  1000, 0.18, 1.13, 2.31 
RESULT: PGMCacheR (854, 0.000000, 1000),8192,256.664,1280,5774964526,BinarySearch
