Repeating lookup code 1 time(s).
Using 1 thread(s).
read 200000000 values from ./data/books_200M_uint64 in 771 ms (259.403 M values/s)
data is unique
read 50000 values from ./data/books_200M_uint64_equality_lookups_zipf_50K_3 in 4 ms (12.5 M values/s)
index, variant, time sec, cycles, instructions, L1-misses, LLC-misses, branch-misses, task-clock, page-faults, DTLB-loads, DTLB-load-misses, DTLB-stores, DTLB-store-misses, ITLB_loads, ITLB_load-misses, scale,  IPC, CPUs,  GHz 
RESULT:   PGM,      16,     0.01, 391.49,       328.35,      3.46,       2.96,          0.36,     159.46,        0.04,      89.19,             0.51,       49.24,              0.31,       0.00,             -nan, 50000, 0.84, 1.01, 2.46 
RESULT: PGM,16,78.7585,15418020,8479917244,BinarySearch
RESULT:   PGM,       4,     0.00, 248.75,       240.53,      3.16,       2.92,          0.26,     101.40,        0.00,      64.72,             0.02,       16.96,              0.05,       0.00,             -nan, 50000, 0.97, 1.02, 2.45 
RESULT: PGM,4,89.5389,142554100,12012940468,BinarySearch
RESULT:   PGM,       8,     0.00, 217.84,       224.21,      3.15,       2.91,          0.30,      88.79,        0.00,      59.57,             0.02,       16.94,              0.05,       0.00,             -nan, 50000, 1.03, 1.02, 2.45 
RESULT: PGM,8,76.9057,45175800,9716954147,BinarySearch
RESULT:   PGM,      32,     0.00, 226.53,       245.69,      3.15,       2.91,          0.31,      92.30,        0.00,      61.54,             0.02,       16.95,              0.05,       0.01,             -nan, 50000, 1.08, 1.02, 2.45 
RESULT: PGM,32,80.4731,5268320,7600680466,BinarySearch
RESULT:   PGM,      64,     0.00, 227.44,       256.53,      3.15,       2.92,          0.26,      92.68,        0.00,      62.52,             0.02,       16.95,              0.05,       0.00,             -nan, 50000, 1.13, 1.02, 2.45 
RESULT: PGM,64,80.8343,1615200,6939615646,BinarySearch
RESULT:   PGM,     256,     0.00, 230.04,       252.67,      3.15,       2.91,          0.26,      93.72,        0.00,      58.53,             0.02,       16.95,              0.05,       0.00,             -nan, 50000, 1.10, 1.02, 2.45 
RESULT: PGM,256,81.9206,119580,6065926693,BinarySearch
RESULT:   PGM,    1024,     0.00, 208.66,       274.50,      3.15,       2.91,          0.34,      85.07,        0.00,      60.52,             0.02,       16.95,              0.05,       0.02,             -nan, 50000, 1.32, 1.02, 2.45 
RESULT: PGM,1024,73.1728,9080,5718633384,BinarySearch
RESULT:   PGM,    2048,     0.00, 208.62,       287.31,      3.15,       2.92,          0.28,      85.02,        0.00,      61.68,             0.02,       16.94,              0.05,       0.00,             -nan, 50000, 1.38, 1.02, 2.45 
RESULT: PGM,2048,73.1951,4000,5697143016,BinarySearch
RESULT:   PGM,    4096,     0.00, 201.54,       285.64,      3.15,       2.91,          0.26,      82.14,        0.00,      58.53,             0.02,       15.95,              0.05,       0.00,             -nan, 50000, 1.42, 1.02, 2.45 
RESULT: PGM,4096,70.2787,2120,5707712805,BinarySearch
RESULT:   PGM,    8192,     0.00, 213.29,       307.51,      3.15,       2.91,          0.26,      94.63,        0.00,      63.52,             0.02,       16.95,              0.05,       0.00,             -nan, 50000, 1.44, 1.02, 2.25 
RESULT: PGM,8192,82.1023,1280,5740168638,BinarySearch
RESULT: PGMCacheL (0, 0.000000, 0),      16,     0.01, 279.30,       199.32,      3.18,       2.93,          0.20,     113.85,        0.00,      61.85,             0.02,       27.09,              0.05,       0.00,             -nan, 50000, 0.71, 1.02, 2.45 
RESULT: PGMCacheL (49949, 0.000000, 50000),16,102.328,15418020,8513978006,BinarySearch
RESULT: PGMCacheL (0, 0.000000, 0),       4,     0.01, 275.85,       198.81,      3.16,       2.92,          0.20,     112.44,        0.00,      61.72,             0.02,       27.00,              0.05,       0.00,             -nan, 50000, 0.72, 1.02, 2.45 
RESULT: PGMCacheL (49949, 0.000000, 50000),4,101.013,142554100,12157574520,BinarySearch
RESULT: PGMCacheL (0, 0.000000, 0),       8,     0.01, 281.74,       198.66,      3.16,       2.91,          0.20,     114.81,        0.00,      61.68,             0.02,       26.99,              0.05,       0.00,             -nan, 50000, 0.71, 1.02, 2.45 
RESULT: PGMCacheL (49949, 0.000000, 50000),8,103.234,45175800,9739788099,BinarySearch
RESULT: PGMCacheL (0, 0.000000, 0),      32,     0.01, 275.94,       198.71,      3.16,       2.91,          0.20,     112.43,        0.00,      61.68,             0.02,       26.99,              0.05,       0.00,             -nan, 50000, 0.72, 1.02, 2.45 
RESULT: PGMCacheL (49949, 0.000000, 50000),32,100.585,5268320,7616922875,BinarySearch
RESULT: PGMCacheL (0, 0.000000, 0),      64,     0.01, 280.52,       198.69,      3.16,       2.91,          0.20,     114.33,        0.00,      61.68,             0.02,       26.99,              0.05,       0.00,             -nan, 50000, 0.71, 1.02, 2.45 
RESULT: PGMCacheL (49949, 0.000000, 50000),64,102.429,1615200,6983115292,BinarySearch
RESULT: PGMCacheL (0, 0.000000, 0),     256,     0.01, 278.28,       198.81,      3.17,       2.92,          0.20,     113.42,        0.00,      61.72,             0.02,       27.00,              0.05,       0.00,             -nan, 50000, 0.71, 1.02, 2.45 
RESULT: PGMCacheL (49949, 0.000000, 50000),256,101.57,119580,6100220287,BinarySearch
RESULT: PGMCacheL (0, 0.000000, 0),    1024,     0.01, 276.53,       198.77,      3.17,       2.93,          0.20,     112.66,        0.00,      61.70,             0.02,       27.01,              0.05,       0.00,             -nan, 50000, 0.72, 1.02, 2.45 
RESULT: PGMCacheL (49949, 0.000000, 50000),1024,101.074,9080,5753920175,BinarySearch
RESULT: PGMCacheL (0, 0.000000, 0),    2048,     0.01, 280.48,       198.70,      3.16,       2.91,          0.20,     105.69,        0.00,      61.68,             0.02,       26.98,              0.05,       0.00,             -nan, 50000, 0.71, 1.02, 2.65 
RESULT: PGMCacheL (49949, 0.000000, 50000),2048,94.2695,4000,5732591498,BinarySearch
RESULT: PGMCacheL (0, 0.000000, 0),    4096,     0.01, 281.22,       199.03,      3.17,       2.92,          0.20,     114.59,        0.00,      61.74,             0.02,       27.03,              0.05,       0.00,             -nan, 50000, 0.71, 1.02, 2.45 
RESULT: PGMCacheL (49949, 0.000000, 50000),4096,102.759,2120,5742260524,BinarySearch
RESULT: PGMCacheL (0, 0.000000, 0),    8192,     0.01, 277.74,       198.73,      3.16,       2.91,          0.20,     113.19,        0.00,      61.68,             0.02,       26.99,              0.05,       0.00,             -nan, 50000, 0.72, 1.02, 2.45 
RESULT: PGMCacheL (49949, 0.000000, 50000),8192,101.303,1280,5774938129,BinarySearch
RESULT: PGMCacheR (0, 0.000000, 0),      16,     0.01, 279.64,       198.93,      3.17,       2.92,          0.20,     113.97,        0.00,      61.76,             0.02,       27.02,              0.05,       0.00,             -nan, 50000, 0.71, 1.02, 2.45 
RESULT: PGMCacheR (49949, 0.000000, 50000),16,101.932,15418020,8513364064,BinarySearch
RESULT: PGMCacheR (0, 0.000000, 0),       4,     0.01, 276.78,       198.69,      3.16,       2.91,          0.20,     112.80,        0.00,      61.69,             0.02,       26.99,              0.05,       0.00,             -nan, 50000, 0.72, 1.02, 2.45 
RESULT: PGMCacheR (49949, 0.000000, 50000),4,100.916,142554100,12154817650,BinarySearch
RESULT: PGMCacheR (0, 0.000000, 0),       8,     0.01, 283.56,       198.67,      3.16,       2.91,          0.20,     106.86,        0.00,      61.68,             0.02,       26.99,              0.05,       0.00,             -nan, 50000, 0.70, 1.02, 2.65 
RESULT: PGMCacheR (49949, 0.000000, 50000),8,95.3444,45175800,9740822451,BinarySearch
RESULT: PGMCacheR (0, 0.000000, 0),      32,     0.01, 275.70,       198.67,      3.16,       2.91,          0.20,     112.37,        0.00,      61.68,             0.02,       26.98,              0.05,       0.00,             -nan, 50000, 0.72, 1.02, 2.45 
RESULT: PGMCacheR (49949, 0.000000, 50000),32,100.844,5268320,7616201642,BinarySearch
RESULT: PGMCacheR (0, 0.000000, 0),      64,     0.01, 279.47,       198.83,      3.17,       2.91,          0.20,     129.74,        0.00,      61.73,             0.02,       27.01,              0.05,       0.00,             -nan, 50000, 0.71, 1.02, 2.15 
RESULT: PGMCacheR (49949, 0.000000, 50000),64,116.744,1615200,6982388893,BinarySearch
RESULT: PGMCacheR (0, 0.000000, 0),     256,     0.01, 276.39,       198.81,      3.16,       2.92,          0.20,     112.64,        0.00,      61.72,             0.02,       27.00,              0.05,       0.00,             -nan, 50000, 0.72, 1.02, 2.45 
RESULT: PGMCacheR (49949, 0.000000, 50000),256,100.878,119580,6100154021,BinarySearch
RESULT: PGMCacheR (0, 0.000000, 0),    1024,     0.01, 276.45,       198.70,      3.16,       2.91,          0.20,     112.63,        0.00,      61.68,             0.02,       26.99,              0.05,       0.00,             -nan, 50000, 0.72, 1.02, 2.45 
RESULT: PGMCacheR (49949, 0.000000, 50000),1024,100.788,9080,5753703952,BinarySearch
RESULT: PGMCacheR (0, 0.000000, 0),    2048,     0.01, 277.67,       198.72,      3.16,       2.91,          0.20,     113.12,        0.00,      61.68,             0.02,       26.99,              0.05,       0.00,             -nan, 50000, 0.72, 1.02, 2.45 
RESULT: PGMCacheR (49949, 0.000000, 50000),2048,101.603,4000,5732491321,BinarySearch
RESULT: PGMCacheR (0, 0.000000, 0),    4096,     0.01, 280.23,       198.72,      3.16,       2.91,          0.20,     114.18,        0.00,      61.68,             0.02,       26.99,              0.05,       0.00,             -nan, 50000, 0.71, 1.02, 2.45 
RESULT: PGMCacheR (49949, 0.000000, 50000),4096,102.624,2120,5742385819,BinarySearch
RESULT: PGMCacheR (0, 0.000000, 0),    8192,     0.01, 276.07,       198.76,      3.16,       2.91,          0.20,     112.49,        0.00,      61.69,             0.02,       26.99,              0.05,       0.00,             -nan, 50000, 0.72, 1.02, 2.45 
RESULT: PGMCacheR (49949, 0.000000, 50000),8192,100.709,1280,5774534972,BinarySearch
