Repeating lookup code 1 time(s).
Using 1 thread(s).
read 200000000 values from ./data/books_200M_uint32 in 402 ms (497.512 M values/s)
data contains duplicates
read 100000 values from ./data/books_200M_uint32_equality_lookups_zipf_100K_2 in 0 ms (inf M values/s)
index, variant, time sec, cycles, instructions, L1-misses, LLC-misses, branch-misses, task-clock, page-faults, DTLB-loads, DTLB-load-misses, DTLB-stores, DTLB-store-misses, ITLB_loads, ITLB_load-misses,  scale,  IPC, CPUs,  GHz 
RESULT:   PGM,      16,     0.01, 291.18,       231.04,      1.89,       1.50,          0.71,     118.59,        0.02,      73.40,             0.26,       27.12,              0.16,       0.01,             0.14, 100000, 0.79, 1.01, 2.46 
RESULT: PGM,16,78.0921,11703072,7962060510,BinarySearch
RESULT:   PGM,       4,     0.01, 204.60,       213.64,      1.72,       1.47,          0.50,      83.34,        0.00,      57.53,             0.01,       10.99,              0.03,       0.01,             -nan, 100000, 1.04, 1.01, 2.46 
RESULT: PGM,4,77.2992,70640544,10022179481,BinarySearch
RESULT:   PGM,       8,     0.01, 212.74,       224.21,      1.72,       1.46,          0.59,      86.68,        0.00,      58.45,             0.01,       10.98,              0.03,       0.01,             -nan, 100000, 1.05, 1.01, 2.45 
RESULT: PGM,8,80.8738,29643440,8946260657,BinarySearch
RESULT:   PGM,      32,     0.01, 222.62,       244.39,      1.73,       1.46,          0.70,      90.70,        0.00,      60.36,             0.01,       10.98,              0.03,       0.01,             -nan, 100000, 1.10, 1.01, 2.45 
RESULT: PGM,32,84.903,4119040,7085377968,BinarySearch
RESULT:   PGM,      64,     0.01, 219.69,       249.34,      1.73,       1.46,          0.67,      89.48,        0.00,      61.17,             0.01,       10.98,              0.03,       0.01,             -nan, 100000, 1.13, 1.01, 2.46 
RESULT: PGM,64,83.6858,1293024,6362690239,BinarySearch
RESULT:   PGM,     256,     0.01, 195.03,       249.49,      1.74,       1.46,          0.71,      79.45,        0.00,      56.97,             0.01,       10.98,              0.03,       0.02,             -nan, 100000, 1.28, 1.01, 2.45 
RESULT: PGM,256,73.5978,97616,5416770674,BinarySearch
RESULT:   PGM,    1024,     0.01, 202.59,       274.05,      1.74,       1.47,          0.77,      82.48,        0.00,      59.35,             0.01,       10.98,              0.03,       0.01,             -nan, 100000, 1.35, 1.01, 2.46 
RESULT: PGM,1024,76.6792,7456,5035091695,BinarySearch
RESULT:   PGM,    2048,     0.01, 205.16,       284.40,      1.76,       1.46,          0.76,      83.55,        0.00,      60.36,             0.01,       10.98,              0.03,       0.01,             -nan, 100000, 1.39, 1.01, 2.46 
RESULT: PGM,2048,77.7846,3136,5004495089,BinarySearch
RESULT:   PGM,    4096,     0.01, 207.90,       294.39,      1.77,       1.47,          0.76,      84.68,        0.00,      61.38,             0.01,       10.99,              0.03,       0.01,             -nan, 100000, 1.42, 1.01, 2.46 
RESULT: PGM,4096,78.8496,1744,5015327702,BinarySearch
RESULT:   PGM,    8192,     0.01, 174.33,       279.90,      1.76,       1.46,          0.69,      71.02,        0.00,      56.12,             0.01,       10.97,              0.03,       0.01,             -nan, 100000, 1.61, 1.01, 2.45 
RESULT: PGM,8192,65.214,1008,5052111161,BinarySearch
RESULT: PGMCacheL (0, 0.000000, 0),      16,     0.01, 270.93,       229.58,      1.78,       1.48,          0.45,     110.35,        0.00,      76.67,             0.02,       32.29,              0.03,       0.00,             -nan, 100000, 0.85, 1.01, 2.46 
RESULT: PGMCacheL (99572, 0.000000, 100000),16,104.526,11703072,7941132204,BinarySearch
RESULT: PGMCacheL (0, 0.000000, 0),       4,     0.01, 269.70,       229.29,      1.77,       1.47,          0.46,     109.82,        0.00,      76.65,             0.02,       32.28,              0.03,       0.00,             -nan, 100000, 0.85, 1.01, 2.46 
RESULT: PGMCacheL (99572, 0.000000, 100000),4,103.991,70640544,10010531761,BinarySearch
RESULT: PGMCacheL (0, 0.000000, 0),       8,     0.01, 271.38,       229.55,      1.77,       1.46,          0.49,     110.50,        0.00,      76.61,             0.02,       32.27,              0.03,       0.00,             -nan, 100000, 0.85, 1.01, 2.46 
RESULT: PGMCacheL (99572, 0.000000, 100000),8,104.709,29643440,8960788516,BinarySearch
RESULT: PGMCacheL (0, 0.000000, 0),      32,     0.01, 279.96,       236.67,      1.78,       1.47,          0.47,     114.04,        0.00,      76.66,             0.02,       32.28,              0.03,       0.00,             -nan, 100000, 0.85, 1.01, 2.45 
RESULT: PGMCacheL (99572, 0.000000, 100000),32,108.19,4119040,7063498870,BinarySearch
RESULT: PGMCacheL (0, 0.000000, 0),      64,     0.01, 270.35,       229.67,      1.78,       1.46,          0.45,     110.12,        0.00,      76.60,             0.02,       32.26,              0.03,       0.00,             -nan, 100000, 0.85, 1.01, 2.46 
RESULT: PGMCacheL (99572, 0.000000, 100000),64,104.276,1293024,6362982858,BinarySearch
RESULT: PGMCacheL (0, 0.000000, 0),     256,     0.01, 286.56,       241.03,      1.79,       1.47,          0.47,      88.12,        0.00,      76.62,             0.02,       32.28,              0.03,       0.00,             -nan, 100000, 0.84, 1.01, 3.25 
RESULT: PGMCacheL (99572, 0.000000, 100000),256,82.8508,97616,5420368068,BinarySearch
RESULT: PGMCacheL (0, 0.000000, 0),    1024,     0.01, 273.18,       229.56,      1.79,       1.46,          0.46,     111.25,        0.00,      76.59,             0.02,       32.26,              0.03,       0.00,             -nan, 100000, 0.84, 1.01, 2.46 
RESULT: PGMCacheL (99572, 0.000000, 100000),1024,105.457,7456,5035152144,BinarySearch
RESULT: PGMCacheL (0, 0.000000, 0),    2048,     0.01, 302.52,       242.24,      1.80,       1.47,          0.46,     109.86,        0.00,      76.64,             0.02,       32.28,              0.03,       0.00,             -nan, 100000, 0.80, 1.01, 2.75 
RESULT: PGMCacheL (99572, 0.000000, 100000),2048,104.28,3136,4996907751,BinarySearch
RESULT: PGMCacheL (0, 0.000000, 0),    4096,     0.01, 274.46,       229.08,      1.81,       1.47,          0.46,     111.80,        0.00,      76.63,             0.02,       32.28,              0.03,       0.00,             -nan, 100000, 0.83, 1.01, 2.45 
RESULT: PGMCacheL (99572, 0.000000, 100000),4096,105.957,1744,5012068504,BinarySearch
RESULT: PGMCacheL (0, 0.000000, 0),    8192,     0.01, 273.39,       229.27,      1.82,       1.47,          0.47,     111.34,        0.00,      76.62,             0.02,       32.27,              0.03,       0.00,             -nan, 100000, 0.84, 1.01, 2.46 
RESULT: PGMCacheL (99572, 0.000000, 100000),8192,105.506,1008,5052161118,BinarySearch
RESULT: PGMCacheR (0, 0.000000, 0),      16,     0.01, 269.67,       229.55,      1.77,       1.46,          0.45,     109.81,        0.00,      76.61,             0.02,       32.27,              0.03,       0.00,             -nan, 100000, 0.85, 1.01, 2.46 
RESULT: PGMCacheR (99572, 0.000000, 100000),16,104.014,11703072,7943029110,BinarySearch
RESULT: PGMCacheR (0, 0.000000, 0),       4,     0.01, 269.63,       229.71,      1.77,       1.46,          0.46,     109.82,        0.00,      76.66,             0.02,       32.29,              0.03,       0.00,             -nan, 100000, 0.85, 1.01, 2.46 
RESULT: PGMCacheR (99572, 0.000000, 100000),4,103.996,70640544,10005827035,BinarySearch
RESULT: PGMCacheR (0, 0.000000, 0),       8,     0.01, 280.17,       237.59,      1.77,       1.46,          0.46,     114.09,        0.00,      76.61,             0.02,       32.27,              0.03,       0.00,             -nan, 100000, 0.85, 1.01, 2.46 
RESULT: PGMCacheR (99572, 0.000000, 100000),8,108.27,29643440,8954210390,BinarySearch
RESULT: PGMCacheR (0, 0.000000, 0),      32,     0.01, 269.21,       229.86,      1.78,       1.46,          0.45,     109.61,        0.00,      76.64,             0.02,       32.28,              0.03,       0.00,             -nan, 100000, 0.85, 1.01, 2.46 
RESULT: PGMCacheR (99572, 0.000000, 100000),32,103.83,4119040,7066849416,BinarySearch
RESULT: PGMCacheR (0, 0.000000, 0),      64,     0.01, 270.56,       229.79,      1.78,       1.46,          0.45,     110.17,        0.00,      76.60,             0.02,       32.26,              0.03,       0.00,             -nan, 100000, 0.85, 1.01, 2.46 
RESULT: PGMCacheR (99572, 0.000000, 100000),64,104.386,1293024,6369859226,BinarySearch
RESULT: PGMCacheR (0, 0.000000, 0),     256,     0.01, 272.45,       229.40,      1.79,       1.46,          0.47,     110.94,        0.00,      76.62,             0.02,       32.28,              0.03,       0.00,             -nan, 100000, 0.84, 1.01, 2.46 
RESULT: PGMCacheR (99572, 0.000000, 100000),256,105.12,97616,5418547749,BinarySearch
RESULT: PGMCacheR (0, 0.000000, 0),    1024,     0.01, 283.95,       237.30,      1.80,       1.46,          0.46,     115.64,        0.00,      76.59,             0.02,       32.26,              0.03,       0.00,             -nan, 100000, 0.84, 1.01, 2.46 
RESULT: PGMCacheR (99572, 0.000000, 100000),1024,109.77,7456,5037055908,BinarySearch
RESULT: PGMCacheR (0, 0.000000, 0),    2048,     0.01, 271.27,       229.72,      1.80,       1.47,          0.46,     110.49,        0.00,      76.64,             0.02,       32.28,              0.03,       0.00,             -nan, 100000, 0.85, 1.01, 2.46 
RESULT: PGMCacheR (99572, 0.000000, 100000),2048,104.656,3136,4999107463,BinarySearch
RESULT: PGMCacheR (0, 0.000000, 0),    4096,     0.01, 338.93,       240.58,      1.81,       1.46,          0.45,     101.33,        0.00,      76.60,             0.02,       32.26,              0.03,       0.00,             -nan, 100000, 0.71, 1.01, 3.34 
RESULT: PGMCacheR (99572, 0.000000, 100000),4096,96.5543,1744,5012023682,BinarySearch
RESULT: PGMCacheR (0, 0.000000, 0),    8192,     0.01, 272.97,       229.68,      1.82,       1.47,          0.47,     111.19,        0.00,      76.64,             0.02,       32.28,              0.03,       0.00,             -nan, 100000, 0.84, 1.01, 2.45 
RESULT: PGMCacheR (99572, 0.000000, 100000),8192,105.419,1008,5051247525,BinarySearch
