Repeating lookup code 1 time(s).
Using 1 thread(s).
read 200000000 values from ./data/books_200M_uint32 in 389 ms (514.139 M values/s)
data contains duplicates
read 1000000 values from ./data/books_200M_uint32_equality_lookups_zipf_1M_1 in 137 ms (7.29927 M values/s)
index, variant, time sec, cycles, instructions, L1-misses, LLC-misses, branch-misses, task-clock, page-faults, DTLB-loads, DTLB-load-misses, DTLB-stores, DTLB-store-misses, ITLB_loads, ITLB_load-misses,   scale,  IPC, CPUs,  GHz 
RESULT:   PGM,      16,     0.07, 224.33,       236.47,      0.53,       0.21,          0.90,      70.22,        0.00,      59.54,             0.03,        7.45,              0.02,       0.01,             0.00, 1000000, 1.05, 1.00, 3.19 
RESULT: PGM,16,66.1831,11703072,7945009024,BinarySearch
RESULT:   PGM,       4,     0.06, 203.46,       216.10,      0.51,       0.19,          0.72,      63.00,        0.00,      56.72,             0.01,        5.64,              0.00,       0.00,             0.00, 1000000, 1.06, 1.00, 3.23 
RESULT: PGM,4,62.4104,70640544,10007865514,BinarySearch
RESULT:   PGM,       8,     0.07, 211.77,       225.85,      0.51,       0.20,          0.80,      65.97,        0.00,      57.80,             0.01,        5.66,              0.00,       0.02,             0.00, 1000000, 1.07, 1.00, 3.21 
RESULT: PGM,8,65.3785,29643440,8933294767,BinarySearch
RESULT:   PGM,      32,     0.07, 223.32,       246.94,      0.53,       0.20,          0.94,      68.91,        0.00,      59.42,             0.01,        5.64,              0.00,       0.01,             0.00, 1000000, 1.11, 1.00, 3.24 
RESULT: PGM,32,68.3095,4119040,7073466448,BinarySearch
RESULT:   PGM,      64,     0.07, 223.67,       255.99,      0.55,       0.21,          0.93,      68.84,        0.00,      60.26,             0.01,        5.65,              0.00,       0.01,             0.00, 1000000, 1.14, 1.00, 3.25 
RESULT: PGM,64,68.2637,1293024,6354694490,BinarySearch
RESULT:   PGM,     256,     0.06, 196.30,       248.05,      0.59,       0.19,          1.04,      60.12,        0.00,      55.93,             0.01,        5.63,              0.00,       0.02,             0.00, 1000000, 1.26, 1.00, 3.26 
RESULT: PGM,256,59.5274,97616,5413365877,BinarySearch
RESULT:   PGM,    1024,     0.06, 205.28,       275.09,      0.60,       0.20,          1.11,      63.20,        0.00,      58.69,             0.01,        5.65,              0.00,       0.02,             0.00, 1000000, 1.34, 1.00, 3.25 
RESULT: PGM,1024,62.6011,7456,5029382119,BinarySearch
RESULT:   PGM,    2048,     0.06, 210.15,       288.65,      0.65,       0.20,          1.10,      63.54,        0.00,      59.53,             0.01,        5.65,              0.00,       0.01,             0.00, 1000000, 1.37, 1.00, 3.31 
RESULT: PGM,2048,62.9922,3136,4995341217,BinarySearch
RESULT:   PGM,    4096,     0.07, 210.67,       297.82,      0.69,       0.22,          1.06,      66.50,        0.00,      60.49,             0.01,        5.65,              0.00,       0.01,             0.00, 1000000, 1.41, 1.00, 3.17 
RESULT: PGM,4096,65.9048,1744,5008327055,BinarySearch
RESULT:   PGM,    8192,     0.05, 179.48,       283.14,      0.66,       0.21,          1.04,      54.61,        0.00,      55.01,             0.01,        5.64,              0.00,       0.01,             0.00, 1000000, 1.58, 1.00, 3.29 
RESULT: PGM,8192,54.0145,1008,5050558573,BinarySearch
RESULT: PGMCacheL (0, 0.000000, 0),      16,     0.10, 327.16,       336.83,      0.67,       0.19,          0.76,      97.72,        0.00,     101.80,             0.12,       39.45,              0.00,       0.00,             0.00, 1000000, 1.03, 1.00, 3.35 
RESULT: PGMCacheL (734751, 0.000000, 1000000),16,97.1359,11703072,7934870667,BinarySearch
RESULT: PGMCacheL (0, 0.000000, 0),       4,     0.10, 324.08,       329.65,      0.66,       0.19,          0.75,     101.03,        0.00,     101.53,             0.12,       39.50,              0.00,       0.00,             0.00, 1000000, 1.02, 1.00, 3.21 
RESULT: PGMCacheL (734751, 0.000000, 1000000),4,100.438,70640544,10014402036,BinarySearch
RESULT: PGMCacheL (0, 0.000000, 0),       8,     0.10, 323.42,       332.66,      0.66,       0.19,          0.72,     100.14,        0.00,     101.88,             0.12,       39.52,              0.00,       0.00,             0.00, 1000000, 1.03, 1.00, 3.23 
RESULT: PGMCacheL (734751, 0.000000, 1000000),8,99.5676,29643440,8936080042,BinarySearch
RESULT: PGMCacheL (0, 0.000000, 0),      32,     0.10, 329.74,       340.19,      0.69,       0.19,          0.77,      96.97,        0.00,     102.54,             0.12,       39.49,              0.00,       0.00,             0.00, 1000000, 1.03, 1.00, 3.40 
RESULT: PGMCacheL (734751, 0.000000, 1000000),32,96.3815,4119040,7061044490,BinarySearch
RESULT: PGMCacheL (0, 0.000000, 0),      64,     0.10, 328.46,       339.59,      0.72,       0.19,          0.76,     102.40,        0.00,     102.43,             0.12,       39.50,              0.00,       0.00,             0.00, 1000000, 1.03, 1.00, 3.21 
RESULT: PGMCacheL (734751, 0.000000, 1000000),64,101.818,1293024,6358987460,BinarySearch
RESULT: PGMCacheL (0, 0.000000, 0),     256,     0.10, 321.66,       341.36,      0.76,       0.19,          0.79,      97.16,        0.00,     101.16,             0.12,       39.43,              0.00,       0.00,             0.00, 1000000, 1.06, 1.00, 3.31 
RESULT: PGMCacheL (734751, 0.000000, 1000000),256,96.5884,97616,5414935006,BinarySearch
RESULT: PGMCacheL (0, 0.000000, 0),    1024,     0.10, 326.36,       348.04,      0.79,       0.20,          0.79,      98.85,        0.00,     101.86,             0.12,       39.45,              0.00,       0.00,             0.00, 1000000, 1.07, 1.00, 3.30 
RESULT: PGMCacheL (734751, 0.000000, 1000000),1024,98.2755,7456,5029036685,BinarySearch
RESULT: PGMCacheL (0, 0.000000, 0),    2048,     0.10, 325.49,       352.17,      0.82,       0.20,          0.79,      97.21,        0.00,     102.08,             0.12,       39.41,              0.00,       0.00,             0.00, 1000000, 1.08, 1.00, 3.35 
RESULT: PGMCacheL (734751, 0.000000, 1000000),2048,96.6216,3136,4992325443,BinarySearch
RESULT: PGMCacheL (0, 0.000000, 0),    4096,     0.10, 330.21,       350.76,      0.84,       0.21,          0.79,     102.95,        0.00,     102.48,             0.12,       39.49,              0.00,       0.00,             0.00, 1000000, 1.06, 1.00, 3.21 
RESULT: PGMCacheL (734751, 0.000000, 1000000),4096,102.362,1744,5007406120,BinarySearch
RESULT: PGMCacheL (0, 0.000000, 0),    8192,     0.10, 323.60,       351.50,      0.88,       0.22,          0.83,      95.64,        0.00,     100.75,             0.12,       39.36,              0.00,       0.00,             0.00, 1000000, 1.09, 1.00, 3.38 
RESULT: PGMCacheL (734751, 0.000000, 1000000),8192,95.057,1008,5044719851,BinarySearch
RESULT: PGMCacheR (0, 0.000000, 0),      16,     0.10, 325.32,       334.23,      0.66,       0.19,          0.76,     101.26,        0.00,     101.98,             0.12,       39.51,              0.00,       0.00,             0.00, 1000000, 1.03, 1.00, 3.21 
RESULT: PGMCacheR (734751, 0.000000, 1000000),16,100.665,11703072,7934960504,BinarySearch
RESULT: PGMCacheR (0, 0.000000, 0),       4,     0.10, 323.86,       329.77,      0.66,       0.19,          0.75,     100.96,        0.00,     101.54,             0.12,       39.49,              0.00,       0.00,             0.00, 1000000, 1.02, 1.00, 3.21 
RESULT: PGMCacheR (734751, 0.000000, 1000000),4,100.376,70640544,10005676341,BinarySearch
RESULT: PGMCacheR (0, 0.000000, 0),       8,     0.10, 326.75,       334.34,      0.64,       0.19,          0.72,      95.41,        0.00,     101.82,             0.12,       39.48,              0.00,       0.00,             0.00, 1000000, 1.02, 1.00, 3.42 
RESULT: PGMCacheR (734751, 0.000000, 1000000),8,94.8268,29643440,8933480336,BinarySearch
RESULT: PGMCacheR (0, 0.000000, 0),      32,     0.10, 328.02,       337.72,      0.69,       0.19,          0.77,     101.82,        0.00,     102.38,             0.12,       39.53,              0.00,       0.00,             0.00, 1000000, 1.03, 1.00, 3.22 
RESULT: PGMCacheR (734751, 0.000000, 1000000),32,101.232,4119040,7056367472,BinarySearch
RESULT: PGMCacheR (0, 0.000000, 0),      64,     0.10, 329.22,       342.71,      0.70,       0.19,          0.77,      96.14,        0.00,     102.57,             0.12,       39.50,              0.00,       0.00,             0.00, 1000000, 1.04, 1.00, 3.42 
RESULT: PGMCacheR (734751, 0.000000, 1000000),64,95.5586,1293024,6357504566,BinarySearch
RESULT: PGMCacheR (0, 0.000000, 0),     256,     0.10, 324.55,       341.39,      0.74,       0.20,          0.79,      96.04,        0.00,     101.35,             0.12,       39.47,              0.00,       0.00,             0.00, 1000000, 1.05, 1.00, 3.38 
RESULT: PGMCacheR (734751, 0.000000, 1000000),256,95.4478,97616,5412948736,BinarySearch
RESULT: PGMCacheR (0, 0.000000, 0),    1024,     0.10, 326.44,       345.74,      0.79,       0.20,          0.80,     101.77,        0.00,     101.91,             0.12,       39.47,              0.00,       0.00,             0.00, 1000000, 1.06, 1.00, 3.21 
RESULT: PGMCacheR (734751, 0.000000, 1000000),1024,101.175,7456,5028998011,BinarySearch
RESULT: PGMCacheR (0, 0.000000, 0),    2048,     0.10, 319.48,       350.42,      0.81,       0.20,          0.81,      95.96,        0.00,     103.15,             0.12,       39.70,              0.00,       0.00,             0.00, 1000000, 1.10, 1.00, 3.33 
RESULT: PGMCacheR (734751, 0.000000, 1000000),2048,95.4142,3136,4992427158,BinarySearch
RESULT: PGMCacheR (0, 0.000000, 0),    4096,     0.10, 329.82,       354.44,      0.84,       0.21,          0.79,      98.06,        0.00,     102.40,             0.12,       39.39,              0.00,       0.00,             0.00, 1000000, 1.07, 1.00, 3.36 
RESULT: PGMCacheR (734751, 0.000000, 1000000),4096,97.527,1744,5008602641,BinarySearch
RESULT: PGMCacheR (0, 0.000000, 0),    8192,     0.10, 321.64,       347.86,      0.89,       0.22,          0.83,     100.28,        0.00,     100.97,             0.12,       39.45,              0.00,       0.00,             0.00, 1000000, 1.08, 1.00, 3.21 
RESULT: PGMCacheR (734751, 0.000000, 1000000),8192,99.6885,1008,5045323309,BinarySearch
