Repeating lookup code 1 time(s).
Using 1 thread(s).
read 200000000 values from ./data/books_200M_uint64 in 769 ms (260.078 M values/s)
data is unique
read 1000000 values from ./data/books_200M_uint64_equality_lookups_zipf_1M_1 in 7 ms (142.857 M values/s)
index, variant, time sec, cycles, instructions, L1-misses, LLC-misses, branch-misses, task-clock, page-faults, DTLB-loads, DTLB-load-misses, DTLB-stores, DTLB-store-misses, ITLB_loads, ITLB_load-misses,   scale,  IPC, CPUs,  GHz 
RESULT:   PGM,      16,     0.07, 224.34,       237.18,      0.52,       0.21,          0.91,      69.75,        0.00,      60.71,             0.03,        7.45,              0.02,       0.01,             0.00, 1000000, 1.06, 1.00, 3.22 
RESULT: PGM,16,65.726,15418020,8470807800,BinarySearch
RESULT:   PGM,       4,     0.08, 244.77,       240.80,      0.50,       0.20,          0.88,      75.92,        0.00,      63.40,             0.01,        5.66,              0.00,       0.01,             0.00, 1000000, 0.98, 1.00, 3.22 
RESULT: PGM,4,75.3259,142554100,12006639896,BinarySearch
RESULT:   PGM,       8,     0.06, 211.76,       224.50,      0.52,       0.19,          0.90,      63.57,        0.00,      58.30,             0.01,        5.64,              0.00,       0.01,             0.00, 1000000, 1.06, 1.00, 3.33 
RESULT: PGM,8,62.9903,45175800,9727787710,BinarySearch
RESULT:   PGM,      32,     0.07, 217.61,       243.51,      0.52,       0.20,          0.91,      67.67,        0.00,      60.38,             0.01,        5.66,              0.00,       0.01,             0.00, 1000000, 1.12, 1.00, 3.22 
RESULT: PGM,32,67.0961,5268320,7599879244,BinarySearch
RESULT:   PGM,      64,     0.07, 221.65,       253.73,      0.53,       0.21,          0.92,      69.49,        0.00,      61.07,             0.01,        5.66,              0.00,       0.01,             0.00, 1000000, 1.14, 1.00, 3.19 
RESULT: PGM,64,68.9037,1615200,6939605981,BinarySearch
RESULT:   PGM,     256,     0.06, 202.48,       249.70,      0.58,       0.20,          1.02,      62.42,        0.00,      56.99,             0.01,        5.64,              0.00,       0.01,             0.00, 1000000, 1.23, 1.00, 3.24 
RESULT: PGM,256,61.8374,119580,6067353831,BinarySearch
RESULT:   PGM,    1024,     0.06, 207.62,       269.58,      0.61,       0.21,          1.07,      63.99,        0.00,      58.93,             0.01,        5.65,              0.00,       0.02,             0.00, 1000000, 1.30, 1.00, 3.24 
RESULT: PGM,1024,63.3992,9080,5719169500,BinarySearch
RESULT:   PGM,    2048,     0.06, 205.63,       285.56,      0.63,       0.21,          1.07,      63.41,        0.00,      60.36,             0.01,        5.65,              0.00,       0.01,             0.00, 1000000, 1.39, 1.00, 3.24 
RESULT: PGM,2048,62.8249,4000,5698617416,BinarySearch
RESULT:   PGM,    4096,     0.06, 201.58,       281.93,      0.63,       0.21,          1.04,      61.28,        0.00,      57.09,             0.01,        4.66,              0.00,       0.01,             0.00, 1000000, 1.40, 1.00, 3.29 
RESULT: PGM,4096,60.6901,2120,5707923358,BinarySearch
RESULT:   PGM,    8192,     0.07, 211.58,       303.68,      0.68,       0.23,          1.06,      65.31,        0.00,      61.87,             0.01,        5.64,              0.00,       0.00,             0.00, 1000000, 1.44, 1.00, 3.24 
RESULT: PGM,8192,64.713,1280,5740522038,BinarySearch
RESULT: PGMCacheL (0, 0.000000, 0),      16,     0.10, 312.27,       327.34,      0.69,       0.19,          0.89,      95.22,        0.00,      95.34,             0.10,       31.92,              0.00,       0.00,             0.00, 1000000, 1.05, 1.00, 3.28 
RESULT: PGMCacheL (623434, 0.000000, 1000000),16,94.6366,15418020,8514047553,BinarySearch
RESULT: PGMCacheL (0, 0.000000, 0),       4,     0.10, 319.37,       330.16,      0.70,       0.19,          0.81,      97.54,        0.00,      97.11,             0.10,       32.09,              0.00,       0.00,             0.00, 1000000, 1.03, 1.00, 3.27 
RESULT: PGMCacheL (623434, 0.000000, 1000000),4,96.9617,142554100,12165250325,BinarySearch
RESULT: PGMCacheL (0, 0.000000, 0),       8,     0.09, 306.06,       323.85,      0.68,       0.19,          0.83,      89.35,        0.00,      94.97,             0.09,       31.46,              0.00,       0.01,             0.00, 1000000, 1.06, 1.00, 3.43 
RESULT: PGMCacheL (623434, 0.000000, 1000000),8,88.7758,45175800,9742893218,BinarySearch
RESULT: PGMCacheL (0, 0.000000, 0),      32,     0.10, 309.84,       330.43,      0.71,       0.19,          0.89,      96.41,        0.00,      95.74,             0.10,       32.07,              0.00,       0.00,             0.00, 1000000, 1.07, 1.00, 3.21 
RESULT: PGMCacheL (623434, 0.000000, 1000000),32,95.8255,5268320,7624274613,BinarySearch
RESULT: PGMCacheL (0, 0.000000, 0),      64,     0.10, 310.76,       334.41,      0.72,       0.19,          0.90,      96.54,        0.00,      96.08,             0.10,       31.99,              0.00,       0.00,             0.00, 1000000, 1.08, 1.00, 3.22 
RESULT: PGMCacheL (623434, 0.000000, 1000000),64,95.9605,1615200,6983408415,BinarySearch
RESULT: PGMCacheL (0, 0.000000, 0),     256,     0.10, 318.91,       330.22,      0.77,       0.19,          1.69,      99.40,        0.00,      94.47,             0.10,       32.17,              0.00,       0.00,             0.74, 1000000, 1.04, 1.00, 3.21 
RESULT: PGMCacheL (623434, 0.000000, 1000000),256,98.8153,119580,6103499062,BinarySearch
RESULT: PGMCacheL (0, 0.000000, 0),    1024,     0.09, 304.99,       340.72,      0.78,       0.20,          0.95,      91.56,        0.00,      95.33,             0.10,       31.67,              0.00,       0.00,             0.00, 1000000, 1.12, 1.00, 3.33 
RESULT: PGMCacheL (623434, 0.000000, 1000000),1024,90.97,9080,5756531129,BinarySearch
RESULT: PGMCacheL (0, 0.000000, 0),    2048,     0.09, 308.68,       348.20,      0.83,       0.21,          0.93,      91.24,        0.00,      95.56,             0.10,       31.72,              0.00,       0.00,             0.00, 1000000, 1.13, 1.00, 3.38 
RESULT: PGMCacheL (623434, 0.000000, 1000000),2048,90.6504,4000,5735675837,BinarySearch
RESULT: PGMCacheL (0, 0.000000, 0),    4096,     0.10, 310.47,       350.12,      0.84,       0.21,          0.98,      96.09,        0.00,      96.11,             0.10,       32.01,              0.00,       0.00,             0.00, 1000000, 1.13, 1.00, 3.23 
RESULT: PGMCacheL (623434, 0.000000, 1000000),4096,95.5214,2120,5745727020,BinarySearch
RESULT: PGMCacheL (0, 0.000000, 0),    8192,     0.09, 315.41,       354.70,      0.89,       0.22,          0.98,      94.36,        0.00,      96.12,             0.10,       31.98,              0.00,       0.00,             0.00, 1000000, 1.12, 1.00, 3.34 
RESULT: PGMCacheL (623434, 0.000000, 1000000),8192,93.7845,1280,5777876434,BinarySearch
RESULT: PGMCacheR (0, 0.000000, 0),      16,     0.09, 310.65,       327.43,      0.68,       0.19,          0.89,      91.08,        0.00,      95.23,             0.09,       31.62,              0.00,       0.00,             0.00, 1000000, 1.05, 1.00, 3.41 
RESULT: PGMCacheR (623434, 0.000000, 1000000),16,90.4874,15418020,8513385163,BinarySearch
RESULT: PGMCacheR (0, 0.000000, 0),       4,     0.10, 319.25,       329.88,      0.70,       0.19,          0.80,      97.93,        0.00,      97.07,             0.10,       32.13,              0.00,       0.00,             0.00, 1000000, 1.03, 1.00, 3.26 
RESULT: PGMCacheR (623434, 0.000000, 1000000),4,97.3445,142554100,12162726547,BinarySearch
RESULT: PGMCacheR (0, 0.000000, 0),       8,     0.09, 306.98,       324.05,      0.68,       0.19,          0.83,      92.06,        0.00,      95.02,             0.11,       31.80,              0.00,       0.01,             0.00, 1000000, 1.06, 1.00, 3.33 
RESULT: PGMCacheR (623434, 0.000000, 1000000),8,91.4706,45175800,9742372354,BinarySearch
RESULT: PGMCacheR (0, 0.000000, 0),      32,     0.09, 311.56,       331.01,      0.71,       0.19,          0.89,      94.48,        0.00,      95.60,             0.10,       31.94,              0.00,       0.00,             0.00, 1000000, 1.06, 1.00, 3.30 
RESULT: PGMCacheR (623434, 0.000000, 1000000),32,93.8903,5268320,7624577380,BinarySearch
RESULT: PGMCacheR (0, 0.000000, 0),      64,     0.09, 311.62,       334.37,      0.71,       0.19,          0.91,      93.50,        0.00,      96.08,             0.09,       31.76,              0.00,       0.00,             0.00, 1000000, 1.07, 1.00, 3.33 
RESULT: PGMCacheR (623434, 0.000000, 1000000),64,92.9061,1615200,6983722520,BinarySearch
RESULT: PGMCacheR (0, 0.000000, 0),     256,     0.09, 300.92,       332.88,      0.76,       0.20,          0.92,      88.63,        0.00,      94.59,             0.10,       31.54,              0.00,       0.00,             0.00, 1000000, 1.11, 1.00, 3.40 
RESULT: PGMCacheR (623434, 0.000000, 1000000),256,88.0383,119580,6103303632,BinarySearch
RESULT: PGMCacheR (0, 0.000000, 0),    1024,     0.09, 305.21,       341.09,      0.81,       0.20,          0.94,      92.37,        0.00,      95.12,             0.10,       31.85,              0.00,       0.00,             0.00, 1000000, 1.12, 1.00, 3.30 
RESULT: PGMCacheR (623434, 0.000000, 1000000),1024,91.7914,9080,5756576965,BinarySearch
RESULT: PGMCacheR (0, 0.000000, 0),    2048,     0.09, 309.17,       348.20,      0.81,       0.21,          0.93,      92.36,        0.00,      95.83,             0.10,       31.74,              0.00,       0.00,             0.00, 1000000, 1.13, 1.00, 3.35 
RESULT: PGMCacheR (623434, 0.000000, 1000000),2048,91.7443,4000,5735436055,BinarySearch
RESULT: PGMCacheR (0, 0.000000, 0),    4096,     0.10, 309.43,       350.33,      0.84,       0.21,          0.97,      95.59,        0.00,      95.99,             0.10,       31.98,              0.00,       0.00,             0.00, 1000000, 1.13, 1.00, 3.24 
RESULT: PGMCacheR (623434, 0.000000, 1000000),4096,95.0048,2120,5745593105,BinarySearch
RESULT: PGMCacheR (0, 0.000000, 0),    8192,     0.09, 312.56,       354.30,      0.87,       0.22,          0.98,      91.36,        0.00,      96.29,             0.10,       31.66,              0.00,       0.00,             0.00, 1000000, 1.13, 1.00, 3.42 
RESULT: PGMCacheR (623434, 0.000000, 1000000),8192,90.7888,1280,5777446971,BinarySearch
