Repeating lookup code 1 time(s).
Using 1 thread(s).
read 200000000 values from ./data/books_200M_uint32 in 390 ms (512.821 M values/s)
data contains duplicates
read 50000 values from ./data/books_200M_uint32_equality_lookups_zipf_50K_1 in 20 ms (2.5 M values/s)
index, variant, time sec, cycles, instructions, L1-misses, LLC-misses, branch-misses, task-clock, page-faults, DTLB-loads, DTLB-load-misses, DTLB-stores, DTLB-store-misses, ITLB_loads, ITLB_load-misses, scale,  IPC, CPUs,  GHz 
RESULT:   PGM,      16,     0.01, 440.54,       326.65,      3.62,       3.01,          1.22,     165.97,        0.04,      88.25,             0.51,       49.22,              0.31,       0.02,             -nan, 50000, 0.74, 1.01, 2.65 
RESULT: PGM,16,91.3774,11703072,7957314791,BinarySearch
RESULT:   PGM,       4,     0.00, 237.16,       218.17,      3.26,       2.95,          0.92,      96.63,        0.00,      58.19,             0.02,       16.96,              0.05,       0.01,             -nan, 50000, 0.92, 1.02, 2.45 
RESULT: PGM,4,84.4825,70640544,10026437659,BinarySearch
RESULT:   PGM,       8,     0.01, 243.38,       227.70,      3.26,       2.94,          0.97,     103.33,        0.00,      58.93,             0.02,       16.95,              0.05,       0.02,             -nan, 50000, 0.94, 1.02, 2.36 
RESULT: PGM,8,90.9581,29643440,8950772367,BinarySearch
RESULT:   PGM,      32,     0.01, 255.45,       247.97,      3.31,       2.94,          1.16,     104.10,        0.00,      60.72,             0.02,       16.95,              0.05,       0.02,             -nan, 50000, 0.97, 1.02, 2.45 
RESULT: PGM,32,92.0992,4119040,7074253820,BinarySearch
RESULT:   PGM,      64,     0.01, 256.33,       256.69,      3.35,       2.95,          1.17,     104.42,        0.00,      61.50,             0.02,       16.94,              0.05,       0.02,             -nan, 50000, 1.00, 1.02, 2.45 
RESULT: PGM,64,92.6547,1293024,6355406854,BinarySearch
RESULT:   PGM,     256,     0.00, 233.02,       249.02,      3.43,       2.98,          1.35,      94.97,        0.00,      57.15,             0.02,       16.95,              0.05,       0.02,             -nan, 50000, 1.07, 1.02, 2.45 
RESULT: PGM,256,82.8801,97616,5415300830,BinarySearch
RESULT:   PGM,    1024,     0.00, 241.47,       276.73,      3.45,       3.00,          1.39,      98.40,        0.00,      59.67,             0.03,       16.94,              0.05,       0.02,             -nan, 50000, 1.15, 1.02, 2.45 
RESULT: PGM,1024,86.4235,7456,5031213614,BinarySearch
RESULT:   PGM,    2048,     0.00, 247.61,       287.97,      3.51,       3.01,          1.36,     100.91,        0.00,      60.70,             0.03,       16.96,              0.05,       0.02,             -nan, 50000, 1.16, 1.02, 2.45 
RESULT: PGM,2048,88.7682,3136,4997520858,BinarySearch
RESULT:   PGM,    4096,     0.00, 248.16,       298.97,      3.57,       3.03,          1.37,     101.15,        0.00,      61.70,             0.03,       16.96,              0.05,       0.02,             -nan, 50000, 1.20, 1.02, 2.45 
RESULT: PGM,4096,88.979,1744,5010067319,BinarySearch
RESULT:   PGM,    8192,     0.00, 215.87,       280.89,      3.61,       3.05,          1.36,      87.96,        0.00,      56.45,             0.04,       16.97,              0.05,       0.01,             -nan, 50000, 1.30, 1.02, 2.45 
RESULT: PGM,8192,75.8253,1008,5049662491,BinarySearch
RESULT: PGMCacheL (0, 0.000000, 0),      16,     0.01, 263.70,       232.44,      3.56,       2.98,          0.62,     103.26,        0.00,      74.21,             0.04,       39.51,              0.06,       0.00,             -nan, 50000, 0.88, 1.02, 2.55 
RESULT: PGMCacheL (48800, 0.000000, 50000),16,91.3818,11703072,7947599096,BinarySearch
RESULT: PGMCacheL (0, 0.000000, 0),       4,     0.01, 262.42,       232.35,      3.53,       2.96,          0.65,     106.91,        0.00,      74.25,             0.05,       39.59,              0.05,       0.00,             -nan, 50000, 0.89, 1.02, 2.45 
RESULT: PGMCacheL (48800, 0.000000, 50000),4,94.8426,70640544,10036825681,BinarySearch
RESULT: PGMCacheL (0, 0.000000, 0),       8,     0.01, 261.88,       231.53,      3.51,       2.95,          0.62,     106.71,        0.00,      74.02,             0.04,       39.42,              0.05,       0.00,             -nan, 50000, 0.88, 1.02, 2.45 
RESULT: PGMCacheL (48800, 0.000000, 50000),8,94.587,29643440,8954047010,BinarySearch
RESULT: PGMCacheL (0, 0.000000, 0),      32,     0.01, 261.49,       232.65,      3.56,       2.96,          0.67,     106.58,        0.00,      74.20,             0.04,       39.55,              0.05,       0.00,             -nan, 50000, 0.89, 1.02, 2.45 
RESULT: PGMCacheL (48800, 0.000000, 50000),32,94.5006,4119040,7062165481,BinarySearch
RESULT: PGMCacheL (0, 0.000000, 0),      64,     0.01, 261.48,       232.89,      3.60,       2.96,          0.65,     106.55,        0.00,      74.21,             0.04,       39.54,              0.05,       0.00,             -nan, 50000, 0.89, 1.02, 2.45 
RESULT: PGMCacheL (48800, 0.000000, 50000),64,94.831,1293024,6358565427,BinarySearch
RESULT: PGMCacheL (0, 0.000000, 0),     256,     0.01, 260.78,       231.87,      3.65,       2.98,          0.65,     106.28,        0.00,      73.89,             0.04,       39.41,              0.05,       0.00,             -nan, 50000, 0.89, 1.02, 2.45 
RESULT: PGMCacheL (48800, 0.000000, 50000),256,94.5733,97616,5417343262,BinarySearch
RESULT: PGMCacheL (0, 0.000000, 0),    1024,     0.01, 265.30,       233.33,      3.72,       3.00,          0.67,     108.10,        0.00,      74.16,             0.05,       39.55,              0.05,       0.00,             -nan, 50000, 0.88, 1.02, 2.45 
RESULT: PGMCacheL (48800, 0.000000, 50000),1024,95.9538,7456,5031287885,BinarySearch
RESULT: PGMCacheL (0, 0.000000, 0),    2048,     0.01, 262.82,       232.82,      3.74,       3.02,          0.64,     102.89,        0.00,      74.00,             0.05,       39.43,              0.06,       0.00,             -nan, 50000, 0.89, 1.02, 2.55 
RESULT: PGMCacheL (48800, 0.000000, 50000),2048,90.9911,3136,4994145609,BinarySearch
RESULT: PGMCacheL (0, 0.000000, 0),    4096,     0.01, 267.08,       233.85,      3.79,       3.04,          0.66,     108.82,        0.00,      74.21,             0.05,       39.55,              0.05,       0.00,             -nan, 50000, 0.88, 1.02, 2.45 
RESULT: PGMCacheL (48800, 0.000000, 50000),4096,96.7957,1744,5010417838,BinarySearch
RESULT: PGMCacheL (0, 0.000000, 0),    8192,     0.01, 266.44,       232.56,      3.90,       3.06,          0.73,     108.54,        0.00,      73.85,             0.05,       39.41,              0.05,       0.00,             -nan, 50000, 0.87, 1.02, 2.45 
RESULT: PGMCacheL (48800, 0.000000, 50000),8192,96.5196,1008,5047514042,BinarySearch
RESULT: PGMCacheR (0, 0.000000, 0),      16,     0.01, 264.02,       232.71,      3.53,       2.96,          0.65,     103.37,        0.00,      74.28,             0.05,       39.59,              0.05,       0.00,             -nan, 50000, 0.88, 1.02, 2.55 
RESULT: PGMCacheR (48800, 0.000000, 50000),16,91.4733,11703072,7938091878,BinarySearch
RESULT: PGMCacheR (0, 0.000000, 0),       4,     0.01, 259.50,       231.38,      3.50,       2.95,          0.62,     105.74,        0.00,      74.01,             0.04,       39.42,              0.05,       0.00,             -nan, 50000, 0.89, 1.02, 2.45 
RESULT: PGMCacheR (48800, 0.000000, 50000),4,93.6566,70640544,10028395822,BinarySearch
RESULT: PGMCacheR (0, 0.000000, 0),       8,     0.01, 263.16,       232.44,      3.52,       2.95,          0.65,     107.27,        0.00,      74.24,             0.04,       39.57,              0.05,       0.00,             -nan, 50000, 0.88, 1.02, 2.45 
RESULT: PGMCacheR (48800, 0.000000, 50000),8,95.1381,29643440,8944117230,BinarySearch
RESULT: PGMCacheR (0, 0.000000, 0),      32,     0.01, 260.41,       231.90,      3.55,       2.96,          0.63,     106.08,        0.00,      74.02,             0.04,       39.43,              0.05,       0.00,             -nan, 50000, 0.89, 1.02, 2.45 
RESULT: PGMCacheR (48800, 0.000000, 50000),32,94.2047,4119040,7062242394,BinarySearch
RESULT: PGMCacheR (0, 0.000000, 0),      64,     0.01, 261.79,       232.93,      3.61,       2.96,          0.66,     106.68,        0.00,      74.22,             0.04,       39.55,              0.05,       0.00,             -nan, 50000, 0.89, 1.02, 2.45 
RESULT: PGMCacheR (48800, 0.000000, 50000),64,94.9679,1293024,6360944731,BinarySearch
RESULT: PGMCacheR (0, 0.000000, 0),     256,     0.01, 261.48,       231.87,      3.64,       2.98,          0.65,     111.11,        0.00,      73.89,             0.04,       39.41,              0.05,       0.00,             -nan, 50000, 0.89, 1.02, 2.35 
RESULT: PGMCacheR (48800, 0.000000, 50000),256,98.7905,97616,5415779115,BinarySearch
RESULT: PGMCacheR (0, 0.000000, 0),    1024,     0.00, 285.11,       233.29,      3.72,       3.01,          0.67,      93.48,        0.00,      74.15,             0.05,       39.55,              0.06,       0.00,             -nan, 50000, 0.82, 1.02, 3.05 
RESULT: PGMCacheR (48800, 0.000000, 50000),1024,82.1058,7456,5030980421,BinarySearch
RESULT: PGMCacheR (0, 0.000000, 0),    2048,     0.01, 261.39,       232.70,      3.72,       3.01,          0.64,     106.53,        0.00,      73.96,             0.05,       39.41,              0.05,       0.00,             -nan, 50000, 0.89, 1.02, 2.45 
RESULT: PGMCacheR (48800, 0.000000, 50000),2048,94.4345,3136,4994436277,BinarySearch
RESULT: PGMCacheR (0, 0.000000, 0),    4096,     0.01, 264.86,       233.84,      3.80,       3.04,          0.66,     107.90,        0.00,      74.21,             0.05,       39.55,              0.05,       0.00,             -nan, 50000, 0.88, 1.02, 2.45 
RESULT: PGMCacheR (48800, 0.000000, 50000),4096,96.4465,1744,5009886414,BinarySearch
RESULT: PGMCacheR (0, 0.000000, 0),    8192,     0.01, 265.84,       232.58,      3.90,       3.06,          0.70,     108.33,        0.00,      73.86,             0.05,       39.42,              0.06,       0.00,             -nan, 50000, 0.87, 1.02, 2.45 
RESULT: PGMCacheR (48800, 0.000000, 50000),8192,96.1989,1008,5047311575,BinarySearch
