Repeating lookup code 1 time(s).
Using 1 thread(s).
read 200000000 values from ./data/books_200M_uint64 in 781 ms (256.082 M values/s)
data is unique
read 500000 values from ./data/books_200M_uint64_equality_lookups_zipf_500K_1 in 3 ms (166.667 M values/s)
index, variant, time sec, cycles, instructions, L1-misses, LLC-misses, branch-misses, task-clock, page-faults, DTLB-loads, DTLB-load-misses, DTLB-stores, DTLB-store-misses, ITLB_loads, ITLB_load-misses,  scale,  IPC, CPUs,  GHz 
RESULT:   PGM,      16,     0.04, 240.60,       242.82,      0.72,       0.39,          0.88,      74.16,        0.00,      60.28,             0.07,       10.00,              0.03,       0.01,             0.00, 500000, 1.01, 1.00, 3.24 
RESULT: PGM,16,66.0661,15418020,8482397803,BinarySearch
RESULT:   PGM,       4,     0.04, 251.23,       242.83,      0.69,       0.38,          0.86,      81.01,        0.00,      62.40,             0.01,        6.36,              0.01,       0.01,             0.00, 500000, 0.97, 1.00, 3.10 
RESULT: PGM,4,79.8428,142554100,12034655305,BinarySearch
RESULT:   PGM,       8,     0.04, 217.09,       225.30,      0.70,       0.39,          0.88,      70.51,        0.00,      56.79,             0.01,        6.26,              0.01,       0.01,             0.00, 500000, 1.04, 1.00, 3.08 
RESULT: PGM,8,69.3489,45175800,9746456326,BinarySearch
RESULT:   PGM,      32,     0.04, 225.27,       245.22,      0.70,       0.39,          0.90,      73.21,        0.00,      58.57,             0.01,        6.29,              0.01,       0.01,             0.00, 500000, 1.09, 1.00, 3.08 
RESULT: PGM,32,72.0279,5268320,7618717454,BinarySearch
RESULT:   PGM,      64,     0.04, 230.28,       255.45,      0.70,       0.39,          0.91,      71.46,        0.00,      59.50,             0.01,        6.27,              0.01,       0.02,             0.00, 500000, 1.11, 1.00, 3.22 
RESULT: PGM,64,70.2531,1615200,6948014555,BinarySearch
RESULT:   PGM,     256,     0.03, 201.32,       250.34,      0.77,       0.41,          0.98,      66.21,        0.00,      54.96,             0.01,        6.22,              0.01,       0.01,             0.00, 500000, 1.24, 1.00, 3.04 
RESULT: PGM,256,64.9903,119580,6073132361,BinarySearch
RESULT:   PGM,    1024,     0.03, 209.50,       272.75,      0.80,       0.41,          1.03,      67.49,        0.00,      56.56,             0.01,        6.22,              0.01,       0.02,             0.00, 500000, 1.30, 1.00, 3.10 
RESULT: PGM,1024,66.3068,9080,5723260504,BinarySearch
RESULT:   PGM,    2048,     0.03, 213.25,       289.05,      0.82,       0.41,          1.03,      68.41,        0.00,      58.07,             0.01,        6.23,              0.01,       0.01,             0.00, 500000, 1.36, 1.00, 3.12 
RESULT: PGM,2048,67.233,4000,5705660831,BinarySearch
RESULT:   PGM,    4096,     0.03, 207.78,       283.57,      0.83,       0.43,          1.01,      64.66,        0.00,      55.28,             0.01,        5.21,              0.01,       0.01,             0.00, 500000, 1.36, 1.00, 3.21 
RESULT: PGM,4096,63.4672,2120,5714455607,BinarySearch
RESULT:   PGM,    8192,     0.04, 226.27,       307.76,      0.87,       0.42,          1.15,      70.86,        0.00,      59.50,             0.01,        6.24,              0.01,       0.05,             0.00, 500000, 1.36, 1.00, 3.19 
RESULT: PGM,8192,69.6805,1280,5748790416,BinarySearch
RESULT: PGMCacheL (0, 0.000000, 0),      16,     0.05, 295.62,       222.81,      0.89,       0.37,          0.55,      92.09,        0.00,      66.96,             0.06,       19.04,              0.01,       0.00,             0.00, 500000, 0.75, 1.00, 3.21 
RESULT: PGMCacheL (476233, 0.000000, 500000),16,90.9395,15418020,8527096909,BinarySearch
RESULT: PGMCacheL (0, 0.000000, 0),       4,     0.05, 296.52,       223.01,      0.91,       0.37,          0.55,      93.58,        0.00,      67.43,             0.06,       19.08,              0.01,       0.00,             0.00, 500000, 0.75, 1.00, 3.17 
RESULT: PGMCacheL (476233, 0.000000, 500000),4,92.4273,142554100,12167359260,BinarySearch
RESULT: PGMCacheL (0, 0.000000, 0),       8,     0.05, 296.23,       221.24,      0.85,       0.37,          0.54,      90.40,        0.00,      67.63,             0.05,       18.97,              0.01,       0.00,             0.00, 500000, 0.75, 1.00, 3.28 
RESULT: PGMCacheL (476233, 0.000000, 500000),8,89.2534,45175800,9753468067,BinarySearch
RESULT: PGMCacheL (0, 0.000000, 0),      32,     0.05, 296.43,       223.34,      0.91,       0.37,          0.55,      92.32,        0.00,      67.01,             0.05,       19.05,              0.01,       0.00,             0.00, 500000, 0.75, 1.00, 3.21 
RESULT: PGMCacheL (476233, 0.000000, 500000),32,91.1371,5268320,7627646008,BinarySearch
RESULT: PGMCacheL (0, 0.000000, 0),      64,     0.05, 295.94,       222.94,      0.90,       0.37,          0.56,      93.82,        0.00,      67.29,             0.06,       19.10,              0.01,       0.00,             0.00, 500000, 0.75, 1.00, 3.15 
RESULT: PGMCacheL (476233, 0.000000, 500000),64,92.6477,1615200,6992354898,BinarySearch
RESULT: PGMCacheL (0, 0.000000, 0),     256,     0.05, 293.80,       222.26,      0.94,       0.38,          0.56,      91.99,        0.00,      67.47,             0.06,       19.12,              0.01,       0.00,             0.00, 500000, 0.76, 1.00, 3.19 
RESULT: PGMCacheL (476233, 0.000000, 500000),256,90.8182,119580,6108569871,BinarySearch
RESULT: PGMCacheL (0, 0.000000, 0),    1024,     0.05, 296.25,       224.15,      0.99,       0.38,          0.58,      90.34,        0.00,      67.47,             0.06,       18.96,              0.01,       0.00,             0.00, 500000, 0.76, 1.00, 3.28 
RESULT: PGMCacheL (476233, 0.000000, 500000),1024,89.1901,9080,5762228749,BinarySearch
RESULT: PGMCacheL (0, 0.000000, 0),    2048,     0.05, 295.52,       224.51,      1.00,       0.39,          0.59,      90.21,        0.00,      67.67,             0.06,       18.95,              0.01,       0.00,             0.00, 500000, 0.76, 1.00, 3.28 
RESULT: PGMCacheL (476233, 0.000000, 500000),2048,89.0307,4000,5740445607,BinarySearch
RESULT: PGMCacheL (0, 0.000000, 0),    4096,     0.04, 294.76,       227.27,      1.06,       0.40,          0.59,      87.54,        0.00,      68.23,             0.06,       18.78,              0.01,       0.00,             0.00, 500000, 0.77, 1.00, 3.37 
RESULT: PGMCacheL (476233, 0.000000, 500000),4096,86.5311,2120,5747433821,BinarySearch
RESULT: PGMCacheL (0, 0.000000, 0),    8192,     0.05, 300.34,       225.98,      1.08,       0.40,          0.60,      91.91,        0.00,      67.45,             0.06,       19.07,              0.01,       0.00,             0.00, 500000, 0.75, 1.00, 3.27 
RESULT: PGMCacheL (476233, 0.000000, 500000),8192,90.7621,1280,5781361906,BinarySearch
RESULT: PGMCacheR (0, 0.000000, 0),      16,     0.05, 293.63,       221.27,      0.85,       0.37,          0.55,      91.94,        0.00,      67.55,             0.05,       19.08,              0.01,       0.00,             0.00, 500000, 0.75, 1.00, 3.19 
RESULT: PGMCacheR (476233, 0.000000, 500000),16,90.7526,15418020,8528472195,BinarySearch
RESULT: PGMCacheR (0, 0.000000, 0),       4,     0.05, 297.75,       223.39,      0.90,       0.37,          0.54,      92.71,        0.00,      67.23,             0.06,       19.05,              0.01,       0.00,             0.00, 500000, 0.75, 1.00, 3.21 
RESULT: PGMCacheR (476233, 0.000000, 500000),4,91.5237,142554100,12168869745,BinarySearch
RESULT: PGMCacheR (0, 0.000000, 0),       8,     0.04, 298.35,       222.02,      0.87,       0.37,          0.55,      88.98,        0.00,      67.48,             0.06,       18.83,              0.01,       0.00,             0.00, 500000, 0.74, 1.00, 3.35 
RESULT: PGMCacheR (476233, 0.000000, 500000),8,87.7922,45175800,9753959571,BinarySearch
RESULT: PGMCacheR (0, 0.000000, 0),      32,     0.05, 296.26,       223.35,      0.91,       0.37,          0.55,      92.32,        0.00,      67.03,             0.06,       19.05,              0.01,       0.00,             0.00, 500000, 0.75, 1.00, 3.21 
RESULT: PGMCacheR (476233, 0.000000, 500000),32,91.1297,5268320,7627622117,BinarySearch
RESULT: PGMCacheR (0, 0.000000, 0),      64,     0.05, 297.30,       223.63,      0.91,       0.37,          0.56,      92.35,        0.00,      67.25,             0.05,       19.05,              0.01,       0.00,             0.00, 500000, 0.75, 1.00, 3.22 
RESULT: PGMCacheR (476233, 0.000000, 500000),64,91.1967,1615200,6990980436,BinarySearch
RESULT: PGMCacheR (0, 0.000000, 0),     256,     0.05, 297.05,       224.39,      0.97,       0.38,          0.56,      90.51,        0.00,      66.75,             0.06,       18.93,              0.01,       0.00,             0.00, 500000, 0.76, 1.00, 3.28 
RESULT: PGMCacheR (476233, 0.000000, 500000),256,89.3345,119580,6112594820,BinarySearch
RESULT: PGMCacheR (0, 0.000000, 0),    1024,     0.05, 301.11,       225.68,      0.96,       0.38,          0.58,      90.30,        0.00,      67.01,             0.06,       18.89,              0.01,       0.00,             0.00, 500000, 0.75, 1.00, 3.33 
RESULT: PGMCacheR (476233, 0.000000, 500000),1024,89.1463,9080,5760795066,BinarySearch
RESULT: PGMCacheR (0, 0.000000, 0),    2048,     0.04, 299.40,       226.12,      1.01,       0.38,          0.58,      90.19,        0.00,      67.11,             0.06,       18.89,              0.01,       0.00,             0.00, 500000, 0.76, 1.00, 3.32 
RESULT: PGMCacheR (476233, 0.000000, 500000),2048,88.9497,4000,5736953041,BinarySearch
RESULT: PGMCacheR (0, 0.000000, 0),    4096,     0.05, 297.39,       224.78,      1.02,       0.39,          0.60,      91.68,        0.00,      67.85,             0.06,       19.08,              0.01,       0.00,             0.00, 500000, 0.76, 1.00, 3.24 
RESULT: PGMCacheR (476233, 0.000000, 500000),4096,90.4949,2120,5750346593,BinarySearch
RESULT: PGMCacheR (0, 0.000000, 0),    8192,     0.05, 297.67,       226.22,      1.12,       0.40,          0.60,      93.13,        0.00,      67.08,             0.06,       19.05,              0.01,       0.00,             0.00, 500000, 0.76, 1.00, 3.20 
RESULT: PGMCacheR (476233, 0.000000, 500000),8192,91.9469,1280,5783385571,BinarySearch
