Repeating lookup code 1 time(s).
Using 1 thread(s).
read 200000000 values from ./data/books_200M_uint64 in 768 ms (260.417 M values/s)
data is unique
read 50000 values from ./data/books_200M_uint64_equality_lookups_zipf_50K_2 in 4 ms (12.5 M values/s)
index, variant, time sec, cycles, instructions, L1-misses, LLC-misses, branch-misses, task-clock, page-faults, DTLB-loads, DTLB-load-misses, DTLB-stores, DTLB-store-misses, ITLB_loads, ITLB_load-misses, scale,  IPC, CPUs,  GHz 
RESULT:   PGM,      16,     0.01, 401.37,       323.15,      3.47,       2.95,          0.77,     163.49,        0.04,      88.86,             0.51,       49.24,              0.31,       0.00,             -nan, 50000, 0.81, 1.01, 2.46 
RESULT: PGM,16,83.328,15418020,8470954779,BinarySearch
RESULT:   PGM,       4,     0.01, 262.78,       241.00,      3.17,       2.92,          0.67,     107.11,        0.00,      64.75,             0.02,       16.95,              0.05,       0.00,             -nan, 50000, 0.92, 1.02, 2.45 
RESULT: PGM,4,95.2546,142554100,12030791174,BinarySearch
RESULT:   PGM,       8,     0.00, 231.89,       223.98,      3.17,       2.92,          0.71,      90.79,        0.00,      59.54,             0.02,       16.94,              0.05,       0.01,             -nan, 50000, 0.97, 1.02, 2.55 
RESULT: PGM,8,79.1847,45175800,9738133131,BinarySearch
RESULT:   PGM,      32,     0.00, 238.87,       244.35,      3.17,       2.92,          0.67,      90.03,        0.00,      61.39,             0.02,       16.94,              0.05,       0.01,             -nan, 50000, 1.02, 1.02, 2.65 
RESULT: PGM,32,78.4804,5268320,7602004388,BinarySearch
RESULT:   PGM,      64,     0.00, 239.07,       254.65,      3.17,       2.92,          0.68,      97.43,        0.00,      62.33,             0.02,       16.94,              0.05,       0.00,             -nan, 50000, 1.07, 1.02, 2.45 
RESULT: PGM,64,85.5542,1615200,6938796158,BinarySearch
RESULT:   PGM,     256,     0.00, 243.11,       250.88,      3.18,       2.92,          0.72,      99.09,        0.00,      58.35,             0.02,       16.94,              0.05,       0.01,             -nan, 50000, 1.03, 1.02, 2.45 
RESULT: PGM,256,87.2781,119580,6067306485,BinarySearch
RESULT:   PGM,    1024,     0.00, 218.79,       272.25,      3.19,       2.92,          0.75,      89.18,        0.00,      60.29,             0.02,       16.95,              0.05,       0.03,             -nan, 50000, 1.24, 1.02, 2.45 
RESULT: PGM,1024,77.4104,9080,5718952469,BinarySearch
RESULT:   PGM,    2048,     0.00, 221.99,       287.12,      3.19,       2.92,          0.75,      90.49,        0.00,      61.64,             0.02,       16.94,              0.05,       0.00,             -nan, 50000, 1.29, 1.02, 2.45 
RESULT: PGM,2048,78.6171,4000,5697827875,BinarySearch
RESULT:   PGM,    4096,     0.00, 216.52,       283.86,      3.20,       2.92,          0.71,      88.26,        0.00,      58.35,             0.02,       15.94,              0.05,       0.01,             -nan, 50000, 1.31, 1.02, 2.45 
RESULT: PGM,4096,76.3813,2120,5707390377,BinarySearch
RESULT:   PGM,    8192,     0.00, 228.20,       305.22,      3.20,       2.93,          0.71,      93.02,        0.00,      63.29,             0.02,       16.94,              0.05,       0.00,             -nan, 50000, 1.34, 1.02, 2.45 
RESULT: PGM,8192,81.1142,1280,5740673329,BinarySearch
RESULT: PGMCacheL (0, 0.000000, 0),      16,     0.00, 218.97,       174.05,      3.24,       2.94,          0.39,      89.24,        0.00,      56.49,             0.03,       27.42,              0.05,       0.00,             -nan, 50000, 0.79, 1.02, 2.45 
RESULT: PGMCacheL (49701, 0.000000, 50000),16,77.6902,15418020,8513628245,BinarySearch
RESULT: PGMCacheL (0, 0.000000, 0),       4,     0.00, 217.72,       173.62,      3.22,       2.92,          0.39,      88.72,        0.00,      56.38,             0.02,       27.34,              0.05,       0.00,             -nan, 50000, 0.80, 1.02, 2.45 
RESULT: PGMCacheL (49701, 0.000000, 50000),4,77.1886,142554100,12166624897,BinarySearch
RESULT: PGMCacheL (0, 0.000000, 0),       8,     0.00, 216.86,       173.37,      3.21,       2.92,          0.38,      88.41,        0.00,      56.30,             0.02,       27.33,              0.05,       0.00,             -nan, 50000, 0.80, 1.02, 2.45 
RESULT: PGMCacheL (49701, 0.000000, 50000),8,76.8619,45175800,9739399661,BinarySearch
RESULT: PGMCacheL (0, 0.000000, 0),      32,     0.00, 219.91,       173.49,      3.22,       2.92,          0.39,      89.63,        0.00,      56.31,             0.02,       27.33,              0.05,       0.00,             -nan, 50000, 0.79, 1.02, 2.45 
RESULT: PGMCacheL (49701, 0.000000, 50000),32,77.8026,5268320,7620979135,BinarySearch
RESULT: PGMCacheL (0, 0.000000, 0),      64,     0.00, 218.73,       173.57,      3.22,       2.92,          0.39,      89.17,        0.00,      56.32,             0.02,       27.33,              0.05,       0.00,             -nan, 50000, 0.79, 1.02, 2.45 
RESULT: PGMCacheL (49701, 0.000000, 50000),64,77.2126,1615200,6980494531,BinarySearch
RESULT: PGMCacheL (0, 0.000000, 0),     256,     0.01, 215.82,       173.61,      3.23,       2.92,          0.40,     122.98,        0.00,      56.33,             0.02,       27.35,              0.05,       0.00,             -nan, 50000, 0.80, 1.02, 1.75 
RESULT: PGMCacheL (49701, 0.000000, 50000),256,107.077,119580,6100386766,BinarySearch
RESULT: PGMCacheL (0, 0.000000, 0),    1024,     0.00, 217.15,       173.59,      3.24,       2.92,          0.40,      88.51,        0.00,      56.30,             0.02,       27.33,              0.05,       0.00,             -nan, 50000, 0.80, 1.02, 2.45 
RESULT: PGMCacheL (49701, 0.000000, 50000),1024,76.9534,9080,5753305907,BinarySearch
RESULT: PGMCacheL (0, 0.000000, 0),    2048,     0.00, 218.34,       173.66,      3.24,       2.92,          0.40,      89.00,        0.00,      56.30,             0.02,       27.32,              0.05,       0.00,             -nan, 50000, 0.80, 1.02, 2.45 
RESULT: PGMCacheL (49701, 0.000000, 50000),2048,77.1722,4000,5732309331,BinarySearch
RESULT: PGMCacheL (0, 0.000000, 0),    4096,     0.00, 219.25,       173.86,      3.25,       2.92,          0.41,      89.37,        0.00,      56.35,             0.02,       27.35,              0.05,       0.00,             -nan, 50000, 0.79, 1.02, 2.45 
RESULT: PGMCacheL (49701, 0.000000, 50000),4096,77.5129,2120,5742637774,BinarySearch
RESULT: PGMCacheL (0, 0.000000, 0),    8192,     0.00, 220.28,       173.87,      3.26,       2.93,          0.41,      89.65,        0.00,      56.34,             0.03,       27.34,              0.05,       0.00,             -nan, 50000, 0.79, 1.02, 2.46 
RESULT: PGMCacheL (49701, 0.000000, 50000),8192,78.3067,1280,5775011296,BinarySearch
RESULT: PGMCacheR (0, 0.000000, 0),      16,     0.00, 218.94,       173.67,      3.22,       2.92,          0.39,      89.27,        0.00,      56.38,             0.02,       27.36,              0.05,       0.00,             -nan, 50000, 0.79, 1.02, 2.45 
RESULT: PGMCacheR (49701, 0.000000, 50000),16,77.2909,15418020,8514196777,BinarySearch
RESULT: PGMCacheR (0, 0.000000, 0),       4,     0.00, 217.80,       173.51,      3.21,       2.92,          0.39,      88.80,        0.00,      56.34,             0.02,       27.33,              0.05,       0.00,             -nan, 50000, 0.80, 1.02, 2.45 
RESULT: PGMCacheR (49701, 0.000000, 50000),4,76.9539,142554100,12167535087,BinarySearch
RESULT: PGMCacheR (0, 0.000000, 0),       8,     0.00, 219.79,       173.41,      3.21,       2.92,          0.39,      89.61,        0.00,      56.31,             0.03,       27.33,              0.05,       0.00,             -nan, 50000, 0.79, 1.02, 2.45 
RESULT: PGMCacheR (49701, 0.000000, 50000),8,77.7303,45175800,9740496837,BinarySearch
RESULT: PGMCacheR (0, 0.000000, 0),      32,     0.00, 219.03,       173.76,      3.24,       2.94,          0.40,      89.27,        0.00,      56.39,             0.03,       27.38,              0.05,       0.00,             -nan, 50000, 0.79, 1.02, 2.45 
RESULT: PGMCacheR (49701, 0.000000, 50000),32,77.7439,5268320,7619928788,BinarySearch
RESULT: PGMCacheR (0, 0.000000, 0),      64,     0.00, 218.17,       173.67,      3.23,       2.92,          0.39,      92.70,        0.00,      56.35,             0.02,       27.34,              0.05,       0.00,             -nan, 50000, 0.80, 1.02, 2.35 
RESULT: PGMCacheR (49701, 0.000000, 50000),64,80.6131,1615200,6981269909,BinarySearch
RESULT: PGMCacheR (0, 0.000000, 0),     256,     0.00, 218.14,       173.59,      3.23,       2.92,          0.40,      88.87,        0.00,      56.32,             0.03,       27.34,              0.05,       0.00,             -nan, 50000, 0.80, 1.02, 2.45 
RESULT: PGMCacheR (49701, 0.000000, 50000),256,77.1036,119580,6100209174,BinarySearch
RESULT: PGMCacheR (0, 0.000000, 0),    1024,     0.00, 218.04,       173.59,      3.24,       2.92,          0.40,      88.85,        0.00,      56.30,             0.02,       27.33,              0.05,       0.00,             -nan, 50000, 0.80, 1.02, 2.45 
RESULT: PGMCacheR (49701, 0.000000, 50000),1024,77.0081,9080,5753616855,BinarySearch
RESULT: PGMCacheR (0, 0.000000, 0),    2048,     0.00, 217.34,       173.68,      3.24,       2.92,          0.40,      88.56,        0.00,      56.30,             0.02,       27.32,              0.05,       0.00,             -nan, 50000, 0.80, 1.02, 2.45 
RESULT: PGMCacheR (49701, 0.000000, 50000),2048,77.0725,4000,5732759088,BinarySearch
RESULT: PGMCacheR (0, 0.000000, 0),    4096,     0.00, 218.04,       173.73,      3.25,       2.92,          0.40,      88.87,        0.00,      56.31,             0.02,       27.33,              0.05,       0.00,             -nan, 50000, 0.80, 1.02, 2.45 
RESULT: PGMCacheR (49701, 0.000000, 50000),4096,77.3838,2120,5742505821,BinarySearch
RESULT: PGMCacheR (0, 0.000000, 0),    8192,     0.00, 220.53,       173.76,      3.25,       2.93,          0.41,      83.10,        0.00,      56.31,             0.03,       27.33,              0.05,       0.00,             -nan, 50000, 0.79, 1.02, 2.65 
RESULT: PGMCacheR (49701, 0.000000, 50000),8192,71.5317,1280,5774427337,BinarySearch
