Repeating lookup code 1 time(s).
Using 1 thread(s).
read 200000000 values from ./data/books_200M_uint64 in 781 ms (256.082 M values/s)
data is unique
read 500000 values from ./data/books_200M_uint64_equality_lookups_zipf_500K_2 in 3 ms (166.667 M values/s)
index, variant, time sec, cycles, instructions, L1-misses, LLC-misses, branch-misses, task-clock, page-faults, DTLB-loads, DTLB-load-misses, DTLB-stores, DTLB-store-misses, ITLB_loads, ITLB_load-misses,  scale,  IPC, CPUs,  GHz 
RESULT:   PGM,      16,     0.04, 246.78,       252.82,      0.70,       0.39,          0.60,      74.59,        0.00,      59.65,             0.07,        9.99,              0.03,       0.00,             0.00, 500000, 1.02, 1.00, 3.31 
RESULT: PGM,16,67.804,15418020,8482022392,BinarySearch
RESULT:   PGM,       4,     0.04, 246.56,       242.81,      0.64,       0.38,          0.60,      78.14,        0.00,      61.85,             0.01,        6.32,              0.01,       0.00,             0.00, 500000, 0.98, 1.00, 3.16 
RESULT: PGM,4,76.9547,142554100,12045822312,BinarySearch
RESULT:   PGM,       8,     0.03, 213.91,       224.40,      0.65,       0.39,          0.65,      67.15,        0.00,      56.47,             0.01,        6.23,              0.01,       0.01,             0.00, 500000, 1.05, 1.00, 3.19 
RESULT: PGM,8,65.9686,45175800,9738531412,BinarySearch
RESULT:   PGM,      32,     0.04, 220.47,       245.94,      0.65,       0.39,          0.61,      70.44,        0.00,      58.06,             0.01,        6.25,              0.01,       0.01,             0.00, 500000, 1.12, 1.00, 3.13 
RESULT: PGM,32,69.2541,5268320,7607565471,BinarySearch
RESULT:   PGM,      64,     0.03, 223.88,       255.07,      0.65,       0.39,          0.61,      69.26,        0.00,      59.59,             0.01,        6.26,              0.01,       0.00,             0.00, 500000, 1.14, 1.00, 3.23 
RESULT: PGM,64,68.0725,1615200,6948043755,BinarySearch
RESULT:   PGM,     256,     0.03, 197.16,       251.54,      0.66,       0.40,          0.62,      62.28,        0.00,      54.93,             0.01,        6.21,              0.01,       0.01,             0.00, 500000, 1.28, 1.00, 3.17 
RESULT: PGM,256,61.0236,119580,6074402868,BinarySearch
RESULT:   PGM,    1024,     0.03, 199.83,       273.48,      0.68,       0.40,          0.67,      64.63,        0.00,      56.33,             0.01,        6.21,              0.01,       0.03,             0.00, 500000, 1.37, 1.00, 3.09 
RESULT: PGM,1024,63.452,9080,5723727631,BinarySearch
RESULT:   PGM,    2048,     0.03, 204.86,       289.45,      0.68,       0.40,          0.66,      65.22,        0.00,      57.24,             0.01,        6.21,              0.01,       0.00,             0.00, 500000, 1.41, 1.00, 3.14 
RESULT: PGM,2048,64.0354,4000,5705824659,BinarySearch
RESULT:   PGM,    4096,     0.03, 195.82,       283.63,      0.68,       0.40,          0.64,      62.64,        0.00,      55.52,             0.01,        5.21,              0.01,       0.00,             0.00, 500000, 1.45, 1.00, 3.13 
RESULT: PGM,4096,61.4493,2120,5715496765,BinarySearch
RESULT:   PGM,    8192,     0.03, 209.04,       306.20,      0.69,       0.39,          0.63,      68.47,        0.00,      59.99,             0.01,        6.24,              0.01,       0.00,             0.00, 500000, 1.46, 1.00, 3.05 
RESULT: PGM,8192,67.291,1280,5748225445,BinarySearch
RESULT: PGMCacheL (0, 0.000000, 0),      16,     0.03, 164.98,       161.73,      0.72,       0.43,          0.11,      53.30,        0.00,      51.81,             0.01,       16.34,              0.01,       0.00,             0.00, 500000, 0.98, 1.00, 3.10 
RESULT: PGMCacheL (499005, 0.000000, 500000),16,52.1452,15418020,8521524215,BinarySearch
RESULT: PGMCacheL (0, 0.000000, 0),       4,     0.03, 159.35,       160.07,      0.73,       0.43,          0.12,      50.94,        0.00,      52.62,             0.01,       16.35,              0.01,       0.00,             0.00, 500000, 1.00, 1.00, 3.13 
RESULT: PGMCacheL (499005, 0.000000, 500000),4,49.7898,142554100,12173936310,BinarySearch
RESULT: PGMCacheL (0, 0.000000, 0),       8,     0.03, 158.20,       159.68,      0.72,       0.43,          0.11,      50.63,        0.00,      52.67,             0.01,       16.33,              0.01,       0.00,             0.00, 500000, 1.01, 1.00, 3.12 
RESULT: PGMCacheL (499005, 0.000000, 500000),8,49.4767,45175800,9759819788,BinarySearch
RESULT: PGMCacheL (0, 0.000000, 0),      32,     0.03, 156.83,       160.13,      0.75,       0.42,          0.12,      53.44,        0.00,      51.94,             0.01,       16.34,              0.01,       0.00,             0.00, 500000, 1.02, 1.00, 2.93 
RESULT: PGMCacheL (499005, 0.000000, 500000),32,52.2531,5268320,7627315859,BinarySearch
RESULT: PGMCacheL (0, 0.000000, 0),      64,     0.03, 162.11,       160.88,      0.73,       0.43,          0.11,      51.75,        0.00,      52.36,             0.01,       16.33,              0.01,       0.00,             0.00, 500000, 0.99, 1.00, 3.13 
RESULT: PGMCacheL (499005, 0.000000, 500000),64,50.5633,1615200,6993974233,BinarySearch
RESULT: PGMCacheL (0, 0.000000, 0),     256,     0.03, 158.67,       161.06,      0.76,       0.43,          0.12,      52.61,        0.00,      51.85,             0.01,       16.34,              0.01,       0.00,             0.00, 500000, 1.02, 1.00, 3.02 
RESULT: PGMCacheL (499005, 0.000000, 500000),256,51.4314,119580,6107918134,BinarySearch
RESULT: PGMCacheL (0, 0.000000, 0),    1024,     0.03, 158.53,       161.19,      0.77,       0.43,          0.12,      52.65,        0.00,      51.78,             0.01,       16.33,              0.01,       0.00,             0.00, 500000, 1.02, 1.00, 3.01 
RESULT: PGMCacheL (499005, 0.000000, 500000),1024,51.4699,9080,5760128907,BinarySearch
RESULT: PGMCacheL (0, 0.000000, 0),    2048,     0.03, 158.58,       160.40,      0.77,       0.42,          0.12,      53.76,        0.00,      51.75,             0.01,       16.34,              0.01,       0.00,             0.00, 500000, 1.01, 1.00, 2.95 
RESULT: PGMCacheL (499005, 0.000000, 500000),2048,52.5775,4000,5739425409,BinarySearch
RESULT: PGMCacheL (0, 0.000000, 0),    4096,     0.03, 161.03,       161.48,      0.77,       0.43,          0.12,      53.32,        0.00,      51.61,             0.01,       16.33,              0.01,       0.00,             0.00, 500000, 1.00, 1.00, 3.02 
RESULT: PGMCacheL (499005, 0.000000, 500000),4096,52.1458,2120,5747675954,BinarySearch
RESULT: PGMCacheL (0, 0.000000, 0),    8192,     0.03, 163.58,       162.97,      0.75,       0.43,          0.12,      51.55,        0.00,      52.29,             0.01,       16.34,              0.01,       0.00,             0.00, 500000, 1.00, 1.00, 3.17 
RESULT: PGMCacheL (499005, 0.000000, 500000),8192,50.3804,1280,5782263304,BinarySearch
RESULT: PGMCacheR (0, 0.000000, 0),      16,     0.03, 159.67,       160.10,      0.72,       0.43,          0.11,      52.10,        0.00,      52.43,             0.01,       16.34,              0.01,       0.00,             0.00, 500000, 1.00, 1.00, 3.06 
RESULT: PGMCacheR (499005, 0.000000, 500000),16,50.903,15418020,8522777525,BinarySearch
RESULT: PGMCacheR (0, 0.000000, 0),       4,     0.03, 157.53,       161.66,      0.76,       0.43,          0.12,      52.29,        0.00,      52.18,             0.01,       16.34,              0.01,       0.00,             0.00, 500000, 1.03, 1.00, 3.01 
RESULT: PGMCacheR (499005, 0.000000, 500000),4,51.1303,142554100,12172419826,BinarySearch
RESULT: PGMCacheR (0, 0.000000, 0),       8,     0.02, 161.96,       164.28,      0.74,       0.44,          0.11,      48.89,        0.00,      53.10,             0.01,       16.33,              0.01,       0.00,             0.00, 500000, 1.01, 1.00, 3.31 
RESULT: PGMCacheR (499005, 0.000000, 500000),8,47.8204,45175800,9760137264,BinarySearch
RESULT: PGMCacheR (0, 0.000000, 0),      32,     0.03, 157.42,       160.43,      0.75,       0.43,          0.11,      53.30,        0.00,      51.74,             0.01,       16.34,              0.01,       0.00,             0.00, 500000, 1.02, 1.00, 2.95 
RESULT: PGMCacheR (499005, 0.000000, 500000),32,52.1168,5268320,7627583182,BinarySearch
RESULT: PGMCacheR (0, 0.000000, 0),      64,     0.03, 158.78,       161.69,      0.75,       0.43,          0.11,      52.55,        0.00,      52.09,             0.01,       16.33,              0.01,       0.00,             0.00, 500000, 1.02, 1.00, 3.02 
RESULT: PGMCacheR (499005, 0.000000, 500000),64,51.3886,1615200,6993365084,BinarySearch
RESULT: PGMCacheR (0, 0.000000, 0),     256,     0.03, 159.26,       160.89,      0.76,       0.43,          0.12,      52.93,        0.00,      51.67,             0.01,       16.34,              0.01,       0.00,             0.00, 500000, 1.01, 1.00, 3.01 
RESULT: PGMCacheR (499005, 0.000000, 500000),256,51.7458,119580,6108662912,BinarySearch
RESULT: PGMCacheR (0, 0.000000, 0),    1024,     0.03, 158.82,       161.12,      0.76,       0.43,          0.12,      52.66,        0.00,      51.78,             0.01,       16.33,              0.01,       0.00,             0.00, 500000, 1.01, 1.00, 3.02 
RESULT: PGMCacheR (499005, 0.000000, 500000),1024,51.5014,9080,5760621512,BinarySearch
RESULT: PGMCacheR (0, 0.000000, 0),    2048,     0.03, 158.34,       160.37,      0.77,       0.42,          0.12,      53.85,        0.00,      51.85,             0.01,       16.34,              0.01,       0.00,             0.00, 500000, 1.01, 1.00, 2.94 
RESULT: PGMCacheR (499005, 0.000000, 500000),2048,52.6727,4000,5740401819,BinarySearch
RESULT: PGMCacheR (0, 0.000000, 0),    4096,     0.03, 160.45,       159.84,      0.75,       0.43,          0.12,      51.23,        0.00,      52.54,             0.01,       16.33,              0.01,       0.00,             0.00, 500000, 1.00, 1.00, 3.13 
RESULT: PGMCacheR (499005, 0.000000, 500000),4096,50.0572,2120,5749422953,BinarySearch
RESULT: PGMCacheR (0, 0.000000, 0),    8192,     0.03, 160.04,       160.78,      0.76,       0.43,          0.12,      51.38,        0.00,      52.48,             0.01,       16.34,              0.01,       0.00,             0.00, 500000, 1.00, 1.00, 3.11 
RESULT: PGMCacheR (499005, 0.000000, 500000),8192,50.1985,1280,5782704823,BinarySearch
