Repeating lookup code 1 time(s).
Using 1 thread(s).
read 200000000 values from ./data/books_200M_uint32 in 390 ms (512.821 M values/s)
data contains duplicates
read 1000 values from ./data/books_200M_uint32_equality_lookups_zipf_1K_1 in 10 ms (0.1 M values/s)
index, variant, time sec,   cycles, instructions, L1-misses, LLC-misses, branch-misses, task-clock, page-faults, DTLB-loads, DTLB-load-misses, DTLB-stores, DTLB-store-misses, ITLB_loads, ITLB_load-misses, scale,  IPC, CPUs,  GHz 
RESULT:   PGM,      16,     0.00, 10501.37,      5138.15,    160.77,     148.49,          8.37,    5110.25,        2.21,    1522.57,            25.26,     2215.13,             15.52,       0.16,             -nan,  1000, 0.49, 1.02, 2.05 
RESULT: PGM,16,330.786,11703072,7941760815,BinarySearch
RESULT:   PGM,       4,     0.00, 1908.90,       327.46,    145.32,     144.91,          3.51,     826.59,        0.00,      90.25,             0.72,      600.73,              2.64,       -nan,             -nan,  1000, 0.17, 1.14, 2.31 
RESULT: PGM,4,228.131,70640544,10001437673,BinarySearch
RESULT:   PGM,       8,     0.00, 1891.02,       334.73,    145.14,     144.94,          3.49,     821.10,        0.00,      90.12,             0.68,      600.66,              2.64,       -nan,             -nan,  1000, 0.18, 1.14, 2.30 
RESULT: PGM,8,229.847,29643440,8921854391,BinarySearch
RESULT:   PGM,      32,     0.00, 1857.01,       353.12,    145.25,     144.93,          3.75,     839.69,        0.00,      91.58,             0.67,      600.43,              2.65,       -nan,             -nan,  1000, 0.19, 1.14, 2.21 
RESULT: PGM,32,236.925,4119040,7073764229,BinarySearch
RESULT:   PGM,      64,     0.00, 1896.41,       361.93,    145.35,     145.27,          3.87,     822.86,        0.00,      92.44,             0.70,      600.59,              2.64,       -nan,             -nan,  1000, 0.19, 1.14, 2.30 
RESULT: PGM,64,239.552,1293024,6351694894,BinarySearch
RESULT:   PGM,     256,     0.00, 1919.72,       353.37,    145.64,     145.17,          4.20,     799.09,        0.00,      87.90,             0.70,      600.41,              2.65,       -nan,             -nan,  1000, 0.18, 1.13, 2.40 
RESULT: PGM,256,219.047,97616,5411855877,BinarySearch
RESULT:   PGM,    1024,     0.00, 1949.81,       381.60,    145.68,     145.41,          4.13,     782.19,        0.00,      90.51,             0.75,      600.47,              2.67,       -nan,             -nan,  1000, 0.20, 1.13, 2.49 
RESULT: PGM,1024,218.269,7456,5030063368,BinarySearch
RESULT:   PGM,    2048,     0.00, 1861.30,       392.55,    145.74,     145.24,          4.14,     807.95,        0.00,      91.46,             0.75,      600.40,              2.62,       -nan,             -nan,  1000, 0.21, 1.14, 2.30 
RESULT: PGM,2048,231.137,3136,4995630885,BinarySearch
RESULT:   PGM,    4096,     0.00, 2260.94,       403.67,    145.81,     145.52,          4.06,     735.23,        0.00,      92.52,             0.77,      600.47,              2.74,       -nan,             -nan,  1000, 0.18, 1.12, 3.08 
RESULT: PGM,4096,194.585,1744,5007936691,BinarySearch
RESULT:   PGM,    8192,     0.00, 1878.07,       384.55,    146.20,     145.62,          4.00,     814.10,        0.00,      87.02,             0.79,      600.28,              2.65,       -nan,             -nan,  1000, 0.20, 1.14, 2.31 
RESULT: PGM,8192,217.569,1008,5048117688,BinarySearch
RESULT: PGMCacheL (0, 0.000000, 0),      16,     0.00, 10608.41,      5056.40,    163.77,     149.18,          7.13,    4324.38,        2.17,    1513.81,            25.91,     2208.03,             16.54,       0.33,             -nan,  1000, 0.48, 1.02, 2.45 
RESULT: PGMCacheL (854, 0.000000, 1000),16,254.846,11703072,7934913299,BinarySearch
RESULT: PGMCacheL (0, 0.000000, 0),       4,     0.00, 1933.18,       381.12,    145.38,     144.90,          3.80,     837.55,        0.00,     115.15,             0.87,      630.28,              2.64,       -nan,             -nan,  1000, 0.20, 1.14, 2.31 
RESULT: PGMCacheL (854, 0.000000, 1000),4,245.837,70640544,9997641341,BinarySearch
RESULT: PGMCacheL (0, 0.000000, 0),       8,     0.00, 2067.15,       388.96,    145.50,     145.34,          3.91,     824.44,        0.00,     117.34,             0.90,      631.36,              2.67,       -nan,             -nan,  1000, 0.19, 1.13, 2.51 
RESULT: PGMCacheL (854, 0.000000, 1000),8,247.139,29643440,8934070395,BinarySearch
RESULT: PGMCacheL (0, 0.000000, 0),      32,     0.00, 1960.46,       391.61,    145.64,     145.28,          3.96,     848.00,        0.00,     117.45,             0.91,      631.32,              2.66,       -nan,             -nan,  1000, 0.20, 1.13, 2.31 
RESULT: PGMCacheL (854, 0.000000, 1000),32,256.052,4119040,7054497462,BinarySearch
RESULT: PGMCacheL (0, 0.000000, 0),      64,     0.00, 1920.64,       385.61,    145.69,     145.39,          3.88,     833.23,        0.00,     115.38,             0.88,      630.35,              2.63,       -nan,             -nan,  1000, 0.20, 1.14, 2.31 
RESULT: PGMCacheL (854, 0.000000, 1000),64,251.59,1293024,6354651755,BinarySearch
RESULT: PGMCacheL (0, 0.000000, 0),     256,     0.00, 1954.27,       384.84,    145.90,     145.31,          4.04,     846.21,        0.00,     114.78,             0.86,      630.32,              2.63,       -nan,             -nan,  1000, 0.20, 1.13, 2.31 
RESULT: PGMCacheL (854, 0.000000, 1000),256,251.827,97616,5412688162,BinarySearch
RESULT: PGMCacheL (0, 0.000000, 0),    1024,     0.00, 2181.55,       389.29,    146.03,     145.44,          4.08,     756.49,        0.00,     115.18,             0.91,      630.34,              2.73,       -nan,             -nan,  1000, 0.18, 1.12, 2.88 
RESULT: PGMCacheL (854, 0.000000, 1000),1024,217.986,7456,5029534608,BinarySearch
RESULT: PGMCacheL (0, 0.000000, 0),    2048,     0.00, 1906.48,       390.69,    146.09,     145.39,          3.95,     826.44,        0.00,     115.33,             0.94,      630.37,              2.62,       -nan,             -nan,  1000, 0.20, 1.14, 2.31 
RESULT: PGMCacheL (854, 0.000000, 1000),2048,247.481,3136,4991725412,BinarySearch
RESULT: PGMCacheL (0, 0.000000, 0),    4096,     0.00, 1960.50,       394.47,    146.27,     145.54,          3.98,     848.58,        0.00,     115.84,             0.94,      630.60,              2.64,       -nan,             -nan,  1000, 0.20, 1.13, 2.31 
RESULT: PGMCacheL (854, 0.000000, 1000),4096,254.84,1744,5008169713,BinarySearch
RESULT: PGMCacheL (0, 0.000000, 0),    8192,     0.00, 1968.74,       389.23,    146.74,     145.76,          4.08,     851.62,        0.00,     114.57,             0.97,      630.24,              2.64,       -nan,             -nan,  1000, 0.20, 1.13, 2.31 
RESULT: PGMCacheL (854, 0.000000, 1000),8192,255.255,1008,5045000101,BinarySearch
RESULT: PGMCacheR (0, 0.000000, 0),      16,     0.00, 10602.06,      5039.90,    162.16,     149.15,          7.39,    4320.56,        2.17,    1513.87,            25.76,     2203.35,             16.79,       0.34,             -nan,  1000, 0.48, 1.02, 2.45 
RESULT: PGMCacheR (854, 0.000000, 1000),16,247.813,11703072,7935855127,BinarySearch
RESULT: PGMCacheR (0, 0.000000, 0),       4,     0.00, 1977.33,       394.35,    145.59,     145.29,          3.94,     854.87,        0.00,     119.31,             0.94,      632.14,              2.63,       -nan,             -nan,  1000, 0.20, 1.13, 2.31 
RESULT: PGMCacheR (854, 0.000000, 1000),4,264.32,70640544,9993019253,BinarySearch
RESULT: PGMCacheR (0, 0.000000, 0),       8,     0.00, 1980.85,       388.72,    145.53,     145.30,          3.92,     856.68,        0.00,     117.30,             0.89,      631.34,              2.64,       -nan,             -nan,  1000, 0.20, 1.13, 2.31 
RESULT: PGMCacheR (854, 0.000000, 1000),8,260.024,29643440,8933747256,BinarySearch
RESULT: PGMCacheR (0, 0.000000, 0),      32,     0.00, 1932.74,       383.91,    145.52,     145.02,          3.71,     836.95,        0.00,     115.19,             0.86,      630.20,              2.63,       -nan,             -nan,  1000, 0.20, 1.13, 2.31 
RESULT: PGMCacheR (854, 0.000000, 1000),32,244.589,4119040,7054867104,BinarySearch
RESULT: PGMCacheR (0, 0.000000, 0),      64,     0.00, 1966.30,       385.84,    145.69,     145.33,          3.82,     851.01,        0.00,     115.47,             0.86,      630.39,              2.64,       -nan,             -nan,  1000, 0.20, 1.13, 2.31 
RESULT: PGMCacheR (854, 0.000000, 1000),64,251.819,1293024,6357423608,BinarySearch
RESULT: PGMCacheR (0, 0.000000, 0),     256,     0.00, 1903.49,       384.56,    145.91,     145.31,          4.00,     824.83,        0.00,     114.72,             0.89,      630.28,              2.62,       -nan,             -nan,  1000, 0.20, 1.14, 2.31 
RESULT: PGMCacheR (854, 0.000000, 1000),256,250.411,97616,5420656356,BinarySearch
RESULT: PGMCacheR (0, 0.000000, 0),    1024,     0.00, 2312.40,       438.62,    146.13,     145.60,          4.15,     773.90,        0.00,     124.35,             0.93,      634.13,              2.74,       -nan,             -nan,  1000, 0.19, 1.12, 2.99 
RESULT: PGMCacheR (854, 0.000000, 1000),1024,223.993,7456,5029363053,BinarySearch
RESULT: PGMCacheR (0, 0.000000, 0),    2048,     0.00, 1939.61,       390.59,    146.13,     145.53,          3.96,     839.18,        0.00,     115.26,             0.94,      630.25,              2.66,       -nan,             -nan,  1000, 0.20, 1.13, 2.31 
RESULT: PGMCacheR (854, 0.000000, 1000),2048,249.257,3136,4992070981,BinarySearch
RESULT: PGMCacheR (0, 0.000000, 0),    4096,     0.00, 2237.22,       391.74,    146.27,     145.56,          3.93,     774.19,        0.00,     115.32,             0.94,      630.22,              2.74,       -nan,             -nan,  1000, 0.18, 1.12, 2.89 
RESULT: PGMCacheR (854, 0.000000, 1000),4096,216.909,1744,5007943757,BinarySearch
RESULT: PGMCacheR (0, 0.000000, 0),    8192,     0.00, 2363.81,       390.11,    146.76,     145.90,          4.13,     744.17,        0.00,     114.80,             0.95,      630.44,              2.75,       -nan,             -nan,  1000, 0.17, 1.11, 3.18 
RESULT: PGMCacheR (854, 0.000000, 1000),8192,208.891,1008,5044735917,BinarySearch
