Repeating lookup code 1 time(s).
Using 1 thread(s).
read 200000000 values from ./data/books_200M_uint64 in 767 ms (260.756 M values/s)
data is unique
read 1000000 values from ./data/books_200M_uint64_equality_lookups_zipf_1M_3 in 143 ms (6.99301 M values/s)
index, variant, time sec, cycles, instructions, L1-misses, LLC-misses, branch-misses, task-clock, page-faults, DTLB-loads, DTLB-load-misses, DTLB-stores, DTLB-store-misses, ITLB_loads, ITLB_load-misses,   scale,  IPC, CPUs,  GHz 
RESULT:   PGM,      16,     0.06, 200.00,       236.56,      0.46,       0.19,          0.21,      63.42,        0.00,      60.53,             0.03,        7.46,              0.02,       0.00,             0.00, 1000000, 1.18, 1.00, 3.15 
RESULT: PGM,16,59.3931,15418020,8470537291,BinarySearch
RESULT:   PGM,       4,     0.07, 220.51,       239.09,      0.45,       0.20,          0.20,      68.96,        0.00,      63.56,             0.00,        5.66,              0.00,       0.00,             0.00, 1000000, 1.08, 1.00, 3.20 
RESULT: PGM,4,68.3642,142554100,12018437813,BinarySearch
RESULT:   PGM,       8,     0.06, 189.24,       222.54,      0.44,       0.18,          0.24,      60.24,        0.00,      58.26,             0.00,        5.65,              0.00,       0.00,             0.00, 1000000, 1.18, 1.00, 3.14 
RESULT: PGM,8,59.6415,45175800,9714473947,BinarySearch
RESULT:   PGM,      32,     0.06, 198.40,       244.61,      0.44,       0.18,          0.25,      61.51,        0.00,      60.15,             0.00,        5.64,              0.00,       0.01,             0.00, 1000000, 1.23, 1.00, 3.23 
RESULT: PGM,32,60.9185,5268320,7600816308,BinarySearch
RESULT:   PGM,      64,     0.06, 198.26,       254.40,      0.44,       0.18,          0.21,      61.63,        0.00,      61.44,             0.00,        5.67,              0.00,       0.00,             0.00, 1000000, 1.28, 1.00, 3.22 
RESULT: PGM,64,61.0364,1615200,6940528821,BinarySearch
RESULT:   PGM,     256,     0.06, 182.05,       252.97,      0.43,       0.18,          0.20,      56.59,        0.00,      57.05,             0.00,        5.64,              0.00,       0.00,             0.00, 1000000, 1.39, 1.00, 3.22 
RESULT: PGM,256,56.0022,119580,6065906951,BinarySearch
RESULT:   PGM,    1024,     0.06, 188.26,       273.59,      0.43,       0.18,          0.27,      59.08,        0.00,      59.25,             0.00,        5.65,              0.00,       0.02,             0.00, 1000000, 1.45, 1.00, 3.19 
RESULT: PGM,1024,58.4698,9080,5718797270,BinarySearch
RESULT:   PGM,    2048,     0.06, 180.66,       288.20,      0.43,       0.18,          0.22,      56.16,        0.00,      60.12,             0.00,        5.64,              0.00,       0.00,             0.00, 1000000, 1.60, 1.00, 3.22 
RESULT: PGM,2048,55.5828,4000,5697765773,BinarySearch
RESULT:   PGM,    4096,     0.06, 174.74,       286.13,      0.43,       0.18,          0.20,      55.65,        0.00,      57.10,             0.00,        4.66,              0.00,       0.00,             0.00, 1000000, 1.64, 1.00, 3.14 
RESULT: PGM,4096,55.0599,2120,5707317276,BinarySearch
RESULT:   PGM,    8192,     0.06, 189.58,       308.57,      0.42,       0.18,          0.21,      56.22,        0.00,      62.08,             0.00,        5.64,              0.00,       0.00,             0.00, 1000000, 1.63, 1.00, 3.37 
RESULT: PGM,8192,55.6305,1280,5739923853,BinarySearch
RESULT: PGMCacheL (0, 0.000000, 0),      16,     0.05, 154.82,       162.81,      0.43,       0.19,          0.05,      48.41,        0.00,      51.77,             0.01,       15.27,              0.00,       0.00,             0.00, 1000000, 1.05, 1.00, 3.20 
RESULT: PGMCacheL (999871, 0.000000, 1000000),16,47.8271,15418020,8505320747,BinarySearch
RESULT: PGMCacheL (0, 0.000000, 0),       4,     0.05, 154.34,       162.94,      0.44,       0.19,          0.05,      49.15,        0.00,      51.59,             0.01,       15.22,              0.00,       0.00,             0.00, 1000000, 1.06, 1.00, 3.14 
RESULT: PGMCacheL (999871, 0.000000, 1000000),4,48.5706,142554100,12150327623,BinarySearch
RESULT: PGMCacheL (0, 0.000000, 0),       8,     0.05, 155.12,       163.40,      0.43,       0.18,          0.05,      48.91,        0.00,      51.66,             0.01,       15.19,              0.00,       0.00,             0.00, 1000000, 1.05, 1.00, 3.17 
RESULT: PGMCacheL (999871, 0.000000, 1000000),8,48.3514,45175800,9740279245,BinarySearch
RESULT: PGMCacheL (0, 0.000000, 0),      32,     0.05, 154.52,       163.01,      0.44,       0.18,          0.05,      49.21,        0.00,      51.58,             0.01,       15.22,              0.00,       0.00,             0.00, 1000000, 1.05, 1.00, 3.14 
RESULT: PGMCacheL (999871, 0.000000, 1000000),32,48.6108,5268320,7622014993,BinarySearch
RESULT: PGMCacheL (0, 0.000000, 0),      64,     0.05, 156.21,       163.74,      0.44,       0.18,          0.05,      48.40,        0.00,      51.40,             0.01,       15.18,              0.00,       0.00,             0.00, 1000000, 1.05, 1.00, 3.23 
RESULT: PGMCacheL (999871, 0.000000, 1000000),64,47.8145,1615200,6981221664,BinarySearch
RESULT: PGMCacheL (0, 0.000000, 0),     256,     0.05, 155.93,       163.42,      0.44,       0.18,          0.05,      48.46,        0.00,      51.39,             0.01,       15.17,              0.00,       0.00,             0.00, 1000000, 1.05, 1.00, 3.22 
RESULT: PGMCacheL (999871, 0.000000, 1000000),256,47.8651,119580,6100461334,BinarySearch
RESULT: PGMCacheL (0, 0.000000, 0),    1024,     0.05, 155.00,       163.36,      0.44,       0.18,          0.05,      48.50,        0.00,      51.54,             0.01,       15.14,              0.00,       0.00,             0.00, 1000000, 1.05, 1.00, 3.20 
RESULT: PGMCacheL (999871, 0.000000, 1000000),1024,47.9295,9080,5753636991,BinarySearch
RESULT: PGMCacheL (0, 0.000000, 0),    2048,     0.05, 155.30,       162.82,      0.43,       0.19,          0.05,      47.26,        0.00,      51.67,             0.01,       15.22,              0.00,       0.00,             0.00, 1000000, 1.05, 1.00, 3.29 
RESULT: PGMCacheL (999871, 0.000000, 1000000),2048,46.6657,4000,5732451372,BinarySearch
RESULT: PGMCacheL (0, 0.000000, 0),    4096,     0.05, 155.35,       163.29,      0.44,       0.19,          0.05,      49.47,        0.00,      51.61,             0.01,       15.21,              0.00,       0.00,             0.00, 1000000, 1.05, 1.00, 3.14 
RESULT: PGMCacheL (999871, 0.000000, 1000000),4096,48.8772,2120,5742569595,BinarySearch
RESULT: PGMCacheL (0, 0.000000, 0),    8192,     0.05, 155.10,       162.85,      0.44,       0.18,          0.05,      49.39,        0.00,      51.62,             0.01,       15.21,              0.00,       0.00,             0.00, 1000000, 1.05, 1.00, 3.14 
RESULT: PGMCacheL (999871, 0.000000, 1000000),8192,48.7997,1280,5774648824,BinarySearch
RESULT: PGMCacheR (0, 0.000000, 0),      16,     0.05, 155.46,       163.59,      0.44,       0.18,          0.05,      48.34,        0.00,      51.39,             0.01,       15.17,              0.00,       0.00,             0.00, 1000000, 1.05, 1.00, 3.22 
RESULT: PGMCacheR (999871, 0.000000, 1000000),16,47.7534,15418020,8504529747,BinarySearch
RESULT: PGMCacheR (0, 0.000000, 0),       4,     0.05, 155.41,       163.49,      0.44,       0.18,          0.05,      48.29,        0.00,      51.39,             0.01,       15.16,              0.00,       0.00,             0.00, 1000000, 1.05, 1.00, 3.22 
RESULT: PGMCacheR (999871, 0.000000, 1000000),4,47.7011,142554100,12151484311,BinarySearch
RESULT: PGMCacheR (0, 0.000000, 0),       8,     0.05, 156.44,       163.72,      0.43,       0.19,          0.05,      46.55,        0.00,      51.38,             0.01,       15.16,              0.00,       0.00,             0.00, 1000000, 1.05, 1.00, 3.36 
RESULT: PGMCacheR (999871, 0.000000, 1000000),8,45.937,45175800,9739647922,BinarySearch
RESULT: PGMCacheR (0, 0.000000, 0),      32,     0.05, 155.25,       163.49,      0.44,       0.18,          0.05,      48.32,        0.00,      51.58,             0.01,       15.16,              0.00,       0.00,             0.00, 1000000, 1.05, 1.00, 3.21 
RESULT: PGMCacheR (999871, 0.000000, 1000000),32,47.7416,5268320,7621570397,BinarySearch
RESULT: PGMCacheR (0, 0.000000, 0),      64,     0.05, 156.13,       163.21,      0.43,       0.19,          0.05,      47.52,        0.00,      51.60,             0.01,       15.22,              0.00,       0.00,             0.00, 1000000, 1.05, 1.00, 3.29 
RESULT: PGMCacheR (999871, 0.000000, 1000000),64,46.9279,1615200,6980827434,BinarySearch
RESULT: PGMCacheR (0, 0.000000, 0),     256,     0.05, 154.68,       162.51,      0.43,       0.18,          0.05,      48.37,        0.00,      51.77,             0.01,       15.27,              0.00,       0.00,             0.00, 1000000, 1.05, 1.00, 3.20 
RESULT: PGMCacheR (999871, 0.000000, 1000000),256,47.7715,119580,6100248297,BinarySearch
RESULT: PGMCacheR (0, 0.000000, 0),    1024,     0.05, 154.83,       162.91,      0.44,       0.18,          0.05,      49.30,        0.00,      51.61,             0.01,       15.22,              0.00,       0.00,             0.00, 1000000, 1.05, 1.00, 3.14 
RESULT: PGMCacheR (999871, 0.000000, 1000000),1024,48.7072,9080,5753525440,BinarySearch
RESULT: PGMCacheR (0, 0.000000, 0),    2048,     0.05, 155.89,       163.13,      0.43,       0.19,          0.05,      46.88,        0.00,      51.75,             0.01,       15.15,              0.00,       0.00,             0.00, 1000000, 1.05, 1.00, 3.33 
RESULT: PGMCacheR (999871, 0.000000, 1000000),2048,46.3037,4000,5732344450,BinarySearch
RESULT: PGMCacheR (0, 0.000000, 0),    4096,     0.05, 155.44,       163.34,      0.44,       0.19,          0.05,      49.50,        0.00,      51.58,             0.01,       15.20,              0.00,       0.00,             0.00, 1000000, 1.05, 1.00, 3.14 
RESULT: PGMCacheR (999871, 0.000000, 1000000),4096,48.9211,2120,5742443397,BinarySearch
RESULT: PGMCacheR (0, 0.000000, 0),    8192,     0.05, 154.70,       162.82,      0.44,       0.19,          0.05,      48.27,        0.00,      51.76,             0.01,       15.17,              0.00,       0.00,             0.00, 1000000, 1.05, 1.00, 3.20 
RESULT: PGMCacheR (999871, 0.000000, 1000000),8192,47.6932,1280,5774866763,BinarySearch
