Repeating lookup code 1 time(s).
Using 1 thread(s).
read 200000000 values from ./data/books_200M_uint64 in 783 ms (255.428 M values/s)
data is unique
read 500000 values from ./data/books_200M_uint64_equality_lookups_zipf_500K_3 in 3 ms (166.667 M values/s)
index, variant, time sec, cycles, instructions, L1-misses, LLC-misses, branch-misses, task-clock, page-faults, DTLB-loads, DTLB-load-misses, DTLB-stores, DTLB-store-misses, ITLB_loads, ITLB_load-misses,  scale,  IPC, CPUs,  GHz 
RESULT:   PGM,      16,     0.04, 217.54,       241.72,      0.67,       0.40,          0.21,      70.96,        0.00,      59.38,             0.07,        9.80,              0.03,       0.00,             0.00, 500000, 1.11, 1.00, 3.07 
RESULT: PGM,16,62.8375,15418020,8482813341,BinarySearch
RESULT:   PGM,       4,     0.03, 232.32,       246.16,      0.63,       0.39,          0.20,      68.59,        0.00,      62.02,             0.01,        6.26,              0.01,       0.00,             0.00, 500000, 1.06, 1.00, 3.39 
RESULT: PGM,4,67.5823,142554100,12036050728,BinarySearch
RESULT:   PGM,       8,     0.03, 196.07,       223.99,      0.64,       0.40,          0.23,      64.69,        0.00,      56.05,             0.00,        6.21,              0.01,       0.00,             0.00, 500000, 1.14, 1.00, 3.03 
RESULT: PGM,8,63.5009,45175800,9732682836,BinarySearch
RESULT:   PGM,      32,     0.03, 204.66,       245.94,      0.64,       0.39,          0.21,      67.16,        0.00,      58.17,             0.00,        6.22,              0.01,       0.00,             0.00, 500000, 1.20, 1.00, 3.05 
RESULT: PGM,32,65.9848,5268320,7611661104,BinarySearch
RESULT:   PGM,      64,     0.03, 206.73,       256.95,      0.64,       0.39,          0.20,      67.80,        0.00,      59.16,             0.01,        6.24,              0.01,       0.00,             0.00, 500000, 1.24, 1.00, 3.05 
RESULT: PGM,64,66.611,1615200,6948184549,BinarySearch
RESULT:   PGM,     256,     0.03, 177.29,       251.72,      0.65,       0.41,          0.20,      59.11,        0.00,      55.56,             0.00,        6.21,              0.01,       0.00,             0.00, 500000, 1.42, 1.00, 3.00 
RESULT: PGM,256,57.9254,119580,6074488594,BinarySearch
RESULT:   PGM,    1024,     0.03, 184.95,       273.98,      0.65,       0.40,          0.26,      61.45,        0.00,      57.20,             0.01,        6.21,              0.01,       0.02,             0.00, 500000, 1.48, 1.00, 3.01 
RESULT: PGM,1024,60.265,9080,5726478009,BinarySearch
RESULT:   PGM,    2048,     0.03, 189.16,       289.16,      0.65,       0.41,          0.22,      60.66,        0.00,      57.74,             0.00,        6.21,              0.01,       0.00,             0.00, 500000, 1.53, 1.00, 3.12 
RESULT: PGM,2048,59.4761,4000,5705466587,BinarySearch
RESULT:   PGM,    4096,     0.03, 181.80,       286.84,      0.66,       0.41,          0.20,      58.71,        0.00,      55.22,             0.01,        5.21,              0.01,       0.00,             0.00, 500000, 1.58, 1.00, 3.10 
RESULT: PGM,4096,57.5232,2120,5715726527,BinarySearch
RESULT:   PGM,    8192,     0.03, 195.96,       308.96,      0.65,       0.40,          0.20,      63.56,        0.00,      59.23,             0.01,        6.20,              0.01,       0.00,             0.00, 500000, 1.58, 1.00, 3.08 
RESULT: PGM,8192,62.3692,1280,5746890406,BinarySearch
RESULT: PGMCacheL (0, 0.000000, 0),      16,     0.03, 164.84,       161.51,      0.65,       0.43,          0.04,      52.47,        0.00,      52.31,             0.01,       16.23,              0.01,       0.00,             0.00, 500000, 0.98, 1.00, 3.14 
RESULT: PGMCacheL (499901, 0.000000, 500000),16,51.3057,15418020,8533169426,BinarySearch
RESULT: PGMCacheL (0, 0.000000, 0),       4,     0.03, 163.47,       161.49,      0.64,       0.43,          0.05,      53.18,        0.00,      52.21,             0.01,       16.22,              0.01,       0.00,             0.00, 500000, 0.99, 1.00, 3.07 
RESULT: PGMCacheL (499901, 0.000000, 500000),4,52.0303,142554100,12174745454,BinarySearch
RESULT: PGMCacheL (0, 0.000000, 0),       8,     0.03, 163.09,       161.25,      0.64,       0.43,          0.04,      53.09,        0.00,      52.20,             0.01,       16.22,              0.01,       0.00,             0.00, 500000, 0.99, 1.00, 3.07 
RESULT: PGMCacheL (499901, 0.000000, 500000),8,51.9307,45175800,9756052566,BinarySearch
RESULT: PGMCacheL (0, 0.000000, 0),      32,     0.03, 163.07,       162.12,      0.66,       0.42,          0.04,      54.43,        0.00,      51.30,             0.01,       16.21,              0.01,       0.00,             0.00, 500000, 0.99, 1.00, 3.00 
RESULT: PGMCacheL (499901, 0.000000, 500000),32,53.2474,5268320,7627184836,BinarySearch
RESULT: PGMCacheL (0, 0.000000, 0),      64,     0.03, 167.11,       162.32,      0.65,       0.43,          0.04,      52.12,        0.00,      52.23,             0.01,       16.21,              0.01,       0.00,             0.00, 500000, 0.97, 1.00, 3.21 
RESULT: PGMCacheL (499901, 0.000000, 500000),64,50.9179,1615200,6990590843,BinarySearch
RESULT: PGMCacheL (0, 0.000000, 0),     256,     0.03, 161.37,       161.67,      0.66,       0.42,          0.05,      54.33,        0.00,      51.65,             0.01,       16.22,              0.01,       0.00,             0.00, 500000, 1.00, 1.00, 2.97 
RESULT: PGMCacheL (499901, 0.000000, 500000),256,53.1741,119580,6108627771,BinarySearch
RESULT: PGMCacheL (0, 0.000000, 0),    1024,     0.03, 163.10,       162.09,      0.66,       0.42,          0.05,      54.48,        0.00,      51.33,             0.01,       16.22,              0.01,       0.00,             0.00, 500000, 0.99, 1.00, 2.99 
RESULT: PGMCacheL (499901, 0.000000, 500000),1024,53.331,9080,5759267635,BinarySearch
RESULT: PGMCacheL (0, 0.000000, 0),    2048,     0.03, 164.49,       161.38,      0.64,       0.43,          0.05,      52.45,        0.00,      52.29,             0.01,       16.21,              0.01,       0.00,             0.00, 500000, 0.98, 1.00, 3.14 
RESULT: PGMCacheL (499901, 0.000000, 500000),2048,51.2705,4000,5740938992,BinarySearch
RESULT: PGMCacheL (0, 0.000000, 0),    4096,     0.03, 165.07,       161.08,      0.64,       0.43,          0.05,      52.52,        0.00,      52.30,             0.01,       16.22,              0.01,       0.00,             0.00, 500000, 0.98, 1.00, 3.14 
RESULT: PGMCacheL (499901, 0.000000, 500000),4096,51.3328,2120,5750250258,BinarySearch
RESULT: PGMCacheL (0, 0.000000, 0),    8192,     0.03, 164.37,       161.15,      0.64,       0.43,          0.05,      52.33,        0.00,      52.37,             0.01,       16.21,              0.01,       0.00,             0.00, 500000, 0.98, 1.00, 3.14 
RESULT: PGMCacheL (499901, 0.000000, 500000),8192,51.1331,1280,5781932231,BinarySearch
RESULT: PGMCacheR (0, 0.000000, 0),      16,     0.03, 172.03,       170.01,      0.65,       0.42,          0.05,      54.65,        0.00,      51.22,             0.01,       16.22,              0.01,       0.00,             0.00, 500000, 0.99, 1.00, 3.15 
RESULT: PGMCacheR (499901, 0.000000, 500000),16,53.4617,15418020,8532841881,BinarySearch
RESULT: PGMCacheR (0, 0.000000, 0),       4,     0.03, 164.19,       161.31,      0.64,       0.43,          0.04,      52.30,        0.00,      52.34,             0.01,       16.21,              0.01,       0.00,             0.00, 500000, 0.98, 1.00, 3.14 
RESULT: PGMCacheR (499901, 0.000000, 500000),4,51.1268,142554100,12171968691,BinarySearch
RESULT: PGMCacheR (0, 0.000000, 0),       8,     0.03, 163.33,       161.12,      0.64,       0.43,          0.04,      52.14,        0.00,      52.38,             0.01,       16.21,              0.01,       0.00,             0.00, 500000, 0.99, 1.00, 3.13 
RESULT: PGMCacheR (499901, 0.000000, 500000),8,50.9526,45175800,9756275150,BinarySearch
RESULT: PGMCacheR (0, 0.000000, 0),      32,     0.03, 163.16,       162.24,      0.66,       0.42,          0.05,      54.46,        0.00,      51.31,             0.01,       16.22,              0.01,       0.00,             0.00, 500000, 0.99, 1.00, 3.00 
RESULT: PGMCacheR (499901, 0.000000, 500000),32,53.315,5268320,7628289763,BinarySearch
RESULT: PGMCacheR (0, 0.000000, 0),      64,     0.03, 164.25,       162.27,      0.66,       0.42,          0.05,      54.05,        0.00,      51.62,             0.01,       16.22,              0.01,       0.00,             0.00, 500000, 0.99, 1.00, 3.04 
RESULT: PGMCacheR (499901, 0.000000, 500000),64,52.885,1615200,6993755971,BinarySearch
RESULT: PGMCacheR (0, 0.000000, 0),     256,     0.03, 165.00,       162.18,      0.65,       0.43,          0.05,      52.53,        0.00,      52.23,             0.01,       16.22,              0.01,       0.00,             0.00, 500000, 0.98, 1.00, 3.14 
RESULT: PGMCacheR (499901, 0.000000, 500000),256,51.3432,119580,6108904320,BinarySearch
RESULT: PGMCacheR (0, 0.000000, 0),    1024,     0.03, 162.60,       161.62,      0.66,       0.42,          0.05,      55.04,        0.00,      51.38,             0.01,       16.22,              0.01,       0.00,             0.00, 500000, 0.99, 1.00, 2.95 
RESULT: PGMCacheR (499901, 0.000000, 500000),1024,53.8551,9080,5761658218,BinarySearch
RESULT: PGMCacheR (0, 0.000000, 0),    2048,     0.03, 163.25,       162.37,      0.66,       0.42,          0.05,      54.53,        0.00,      51.23,             0.01,       16.22,              0.01,       0.00,             0.00, 500000, 0.99, 1.00, 2.99 
RESULT: PGMCacheR (499901, 0.000000, 500000),2048,53.4136,4000,5740444190,BinarySearch
RESULT: PGMCacheR (0, 0.000000, 0),    4096,     0.03, 164.65,       162.46,      0.66,       0.42,          0.05,      54.87,        0.00,      51.14,             0.01,       16.22,              0.01,       0.00,             0.00, 500000, 0.99, 1.00, 3.00 
RESULT: PGMCacheR (499901, 0.000000, 500000),4096,53.7197,2120,5747821852,BinarySearch
RESULT: PGMCacheR (0, 0.000000, 0),    8192,     0.03, 162.12,       161.65,      0.66,       0.42,          0.05,      54.92,        0.00,      51.39,             0.01,       16.22,              0.01,       0.00,             0.00, 500000, 1.00, 1.00, 2.95 
RESULT: PGMCacheR (499901, 0.000000, 500000),8192,53.7267,1280,5782436022,BinarySearch
