Repeating lookup code 1 time(s).
Using 1 thread(s).
read 200000000 values from ./data/books_200M_uint64 in 769 ms (260.078 M values/s)
data is unique
read 1000 values from ./data/books_200M_uint64_equality_lookups_zipf_1K_3 in 0 ms (inf M values/s)
index, variant, time sec,   cycles, instructions, L1-misses, LLC-misses, branch-misses, task-clock, page-faults, DTLB-loads, DTLB-load-misses, DTLB-stores, DTLB-store-misses, ITLB_loads, ITLB_load-misses, scale,  IPC, CPUs,  GHz 
RESULT:   PGM,      16,     0.00, 10528.35,      5117.76,    159.31,     146.89,          7.33,    4290.65,        2.21,    1515.82,            25.19,     2218.42,             15.40,       0.16,             -nan,  1000, 0.49, 1.02, 2.45 
RESULT: PGM,16,276.635,15418020,8471259754,BinarySearch
RESULT:   PGM,       4,     0.00, 1914.27,       350.75,    145.08,     144.97,          2.60,     830.10,        0.00,      97.13,             0.71,      601.14,              2.73,       -nan,             -nan,  1000, 0.18, 1.14, 2.31 
RESULT: PGM,4,230.922,142554100,12017078798,BinarySearch
RESULT:   PGM,       8,     0.00, 1855.78,       330.73,    144.83,     144.66,          2.55,     806.65,        0.00,      90.86,             0.67,      600.77,              2.71,       -nan,             -nan,  1000, 0.18, 1.14, 2.30 
RESULT: PGM,8,208.675,45175800,9718609370,BinarySearch
RESULT:   PGM,      32,     0.00, 1861.10,       352.00,    144.81,     144.68,          2.54,     807.88,        0.00,      92.76,             0.68,      600.71,              2.70,       -nan,             -nan,  1000, 0.19, 1.14, 2.30 
RESULT: PGM,32,210.913,5268320,7598716342,BinarySearch
RESULT:   PGM,      64,     0.00, 2127.34,       475.25,    145.59,     145.29,          2.87,     915.43,        0.05,     127.64,             1.34,      637.99,              3.00,       -nan,             -nan,  1000, 0.22, 1.12, 2.32 
RESULT: PGM,64,220.448,1615200,6939866390,BinarySearch
RESULT:   PGM,     256,     0.00, 1810.18,       360.62,    144.84,     144.67,          2.51,     787.73,        0.00,      90.01,             0.70,      600.87,              2.63,       -nan,             -nan,  1000, 0.20, 1.14, 2.30 
RESULT: PGM,256,200.081,119580,6066620376,BinarySearch
RESULT:   PGM,    1024,     0.00, 1843.41,       381.51,    144.87,     144.73,          2.55,     800.50,        0.00,      91.88,             0.68,      600.80,              2.69,       -nan,             -nan,  1000, 0.21, 1.14, 2.30 
RESULT: PGM,1024,204.193,9080,5718465095,BinarySearch
RESULT:   PGM,    2048,     0.00, 1809.97,       393.50,    144.80,     144.78,          2.58,     787.54,        0.00,      92.84,             0.70,      600.61,              2.69,       -nan,             -nan,  1000, 0.22, 1.14, 2.30 
RESULT: PGM,2048,207.189,4000,5697337336,BinarySearch
RESULT:   PGM,    4096,     0.00, 1830.84,       392.15,    144.82,     144.63,          2.54,     797.21,        0.00,      89.79,             0.69,      599.70,              2.68,       -nan,             -nan,  1000, 0.21, 1.14, 2.30 
RESULT: PGM,4096,202.384,2120,5707633422,BinarySearch
RESULT:   PGM,    8192,     0.00, 1799.22,       413.87,    144.84,     144.78,          2.50,     785.09,        0.00,      94.72,             0.69,      600.62,              2.69,       -nan,             -nan,  1000, 0.23, 1.15, 2.29 
RESULT: PGM,8192,204.874,1280,5739914465,BinarySearch
RESULT: PGMCacheL (0, 0.000000, 0),      16,     0.00, 10391.05,      4918.38,    160.25,     147.96,          6.17,    4237.21,        2.17,    1477.26,            25.12,     2189.74,             16.08,       0.33,             -nan,  1000, 0.47, 1.02, 2.45 
RESULT: PGMCacheL (989, 0.000000, 1000),16,217.821,15418020,8510003834,BinarySearch
RESULT: PGMCacheL (0, 0.000000, 0),       4,     0.00, 1848.77,       280.06,    144.87,     144.72,          2.48,     802.69,        0.00,      87.72,             0.70,      611.10,              2.72,       -nan,             -nan,  1000, 0.15, 1.14, 2.30 
RESULT: PGMCacheL (989, 0.000000, 1000),4,208.208,142554100,12160069174,BinarySearch
RESULT: PGMCacheL (0, 0.000000, 0),       8,     0.00, 1845.91,       280.32,    144.91,     144.75,          2.53,     802.74,        0.00,      87.79,             0.68,      611.17,              2.71,       -nan,             -nan,  1000, 0.15, 1.14, 2.30 
RESULT: PGMCacheL (989, 0.000000, 1000),8,208.657,45175800,9747169610,BinarySearch
RESULT: PGMCacheL (0, 0.000000, 0),      32,     0.00, 1877.33,       281.19,    144.93,     144.78,          2.56,     784.82,        0.00,      87.81,             0.70,      611.14,              2.73,       -nan,             -nan,  1000, 0.15, 1.14, 2.39 
RESULT: PGMCacheL (989, 0.000000, 1000),32,204.039,5268320,7619297351,BinarySearch
RESULT: PGMCacheL (0, 0.000000, 0),      64,     0.00, 1973.60,       287.42,    145.08,     145.13,          2.66,     790.87,        0.00,      89.93,             0.74,      612.20,              2.69,       -nan,             -nan,  1000, 0.15, 1.13, 2.50 
RESULT: PGMCacheL (989, 0.000000, 1000),64,211.051,1615200,6983585644,BinarySearch
RESULT: PGMCacheL (0, 0.000000, 0),     256,     0.00, 1873.25,       287.14,    145.03,     145.03,          2.66,     813.57,        0.00,      89.80,             0.73,      612.09,              2.65,       -nan,             -nan,  1000, 0.15, 1.14, 2.30 
RESULT: PGMCacheL (989, 0.000000, 1000),256,219.785,119580,6100522139,BinarySearch
RESULT: PGMCacheL (0, 0.000000, 0),    1024,     0.00, 1807.16,       280.83,    144.90,     144.83,          2.51,     786.57,        0.00,      87.81,             0.70,      611.17,              2.66,       -nan,             -nan,  1000, 0.16, 1.15, 2.30 
RESULT: PGMCacheL (989, 0.000000, 1000),1024,207.771,9080,5753823782,BinarySearch
RESULT: PGMCacheL (0, 0.000000, 0),    2048,     0.00, 1844.19,       280.53,    144.88,     144.80,          2.52,     801.93,        0.00,      87.72,             0.70,      611.08,              2.68,       -nan,             -nan,  1000, 0.15, 1.14, 2.30 
RESULT: PGMCacheL (989, 0.000000, 1000),2048,209.172,4000,5732519274,BinarySearch
RESULT: PGMCacheL (0, 0.000000, 0),    4096,     0.00, 1857.95,       281.05,    144.92,     144.77,          2.50,     807.66,        0.00,      87.83,             0.70,      611.17,              2.67,       -nan,             -nan,  1000, 0.15, 1.14, 2.30 
RESULT: PGMCacheL (989, 0.000000, 1000),4096,209.664,2120,5743264375,BinarySearch
RESULT: PGMCacheL (0, 0.000000, 0),    8192,     0.00, 1845.21,       280.62,    144.90,     144.72,          2.51,     802.19,        0.00,      87.72,             0.71,      611.05,              2.70,       -nan,             -nan,  1000, 0.15, 1.14, 2.30 
RESULT: PGMCacheL (989, 0.000000, 1000),8192,211.554,1280,5775288279,BinarySearch
RESULT: PGMCacheR (0, 0.000000, 0),      16,     0.00, 10420.90,      4921.77,    161.41,     148.13,          6.11,    4247.20,        2.17,    1479.01,            25.58,     2187.41,             16.51,       0.20,             -nan,  1000, 0.47, 1.02, 2.45 
RESULT: PGMCacheR (989, 0.000000, 1000),16,210.316,15418020,8512293485,BinarySearch
RESULT: PGMCacheR (0, 0.000000, 0),       4,     0.00, 1944.20,       280.72,    144.89,     144.88,          2.51,     779.90,        0.00,      87.81,             0.71,      611.14,              2.73,       -nan,             -nan,  1000, 0.14, 1.14, 2.49 
RESULT: PGMCacheR (989, 0.000000, 1000),4,198.59,142554100,12157545206,BinarySearch
RESULT: PGMCacheR (0, 0.000000, 0),       8,     0.00, 1860.70,       280.02,    144.85,     144.63,          2.48,     808.75,        0.00,      87.72,             0.70,      611.08,              2.72,       -nan,             -nan,  1000, 0.15, 1.14, 2.30 
RESULT: PGMCacheR (989, 0.000000, 1000),8,213.892,45175800,9746609344,BinarySearch
RESULT: PGMCacheR (0, 0.000000, 0),      32,     0.00, 1836.78,       280.13,    144.91,     144.68,          2.52,     799.62,        0.00,      87.73,             0.71,      611.08,              2.70,       -nan,             -nan,  1000, 0.15, 1.14, 2.30 
RESULT: PGMCacheR (989, 0.000000, 1000),32,206.03,5268320,7620370845,BinarySearch
RESULT: PGMCacheR (0, 0.000000, 0),      64,     0.00, 1882.98,       286.91,    144.99,     145.10,          2.65,     818.55,        0.00,      89.83,             0.73,      612.09,              2.66,       -nan,             -nan,  1000, 0.15, 1.14, 2.30 
RESULT: PGMCacheR (989, 0.000000, 1000),64,218.391,1615200,6983504781,BinarySearch
RESULT: PGMCacheR (0, 0.000000, 0),     256,     0.00, 1868.99,       286.72,    145.04,     145.03,          2.65,     812.81,        0.00,      89.70,             0.74,      612.00,              2.64,       -nan,             -nan,  1000, 0.15, 1.14, 2.30 
RESULT: PGMCacheR (989, 0.000000, 1000),256,220.151,119580,6100204533,BinarySearch
RESULT: PGMCacheR (0, 0.000000, 0),    1024,     0.00, 1821.18,       280.72,    144.90,     144.49,          2.52,     791.61,        0.00,      87.73,             0.69,      611.06,              2.68,       -nan,             -nan,  1000, 0.15, 1.14, 2.30 
RESULT: PGMCacheR (989, 0.000000, 1000),1024,203.942,9080,5753881173,BinarySearch
RESULT: PGMCacheR (0, 0.000000, 0),    2048,     0.00, 1803.91,       279.88,    144.87,     144.76,          2.49,     785.34,        0.00,      87.55,             0.72,      610.92,              2.69,       -nan,             -nan,  1000, 0.16, 1.15, 2.30 
RESULT: PGMCacheR (989, 0.000000, 1000),2048,207.268,4000,5732315895,BinarySearch
RESULT: PGMCacheR (0, 0.000000, 0),    4096,     0.00, 1802.48,       281.02,    144.90,     144.82,          2.51,     784.78,        0.00,      87.82,             0.71,      611.19,              2.68,       -nan,             -nan,  1000, 0.16, 1.15, 2.30 
RESULT: PGMCacheR (989, 0.000000, 1000),4096,206.684,2120,5742406871,BinarySearch
RESULT: PGMCacheR (0, 0.000000, 0),    8192,     0.00, 1832.45,       281.50,    144.88,     144.76,          2.52,     796.41,        0.00,      87.80,             0.71,      611.12,              2.71,       -nan,             -nan,  1000, 0.15, 1.14, 2.30 
RESULT: PGMCacheR (989, 0.000000, 1000),8192,206.629,1280,5775445854,BinarySearch
