Repeating lookup code 1 time(s).
Using 1 thread(s).
read 200000000 values from ./data/books_200M_uint32 in 390 ms (512.821 M values/s)
data contains duplicates
read 50000 values from ./data/books_200M_uint32_equality_lookups_zipf_50K_2 in 21 ms (2.38095 M values/s)
index, variant, time sec, cycles, instructions, L1-misses, LLC-misses, branch-misses, task-clock, page-faults, DTLB-loads, DTLB-load-misses, DTLB-stores, DTLB-store-misses, ITLB_loads, ITLB_load-misses, scale,  IPC, CPUs,  GHz 
RESULT:   PGM,      16,     0.01, 405.16,       323.29,      3.48,       2.99,          0.78,     164.97,        0.04,      88.27,             0.51,       49.24,              0.31,       0.02,             -nan, 50000, 0.80, 1.01, 2.46 
RESULT: PGM,16,83.9673,11703072,7949649378,BinarySearch
RESULT:   PGM,       4,     0.00, 223.43,       216.07,      3.18,       2.93,          0.53,      91.04,        0.00,      57.90,             0.02,       16.97,              0.05,       0.00,             -nan, 50000, 0.97, 1.02, 2.45 
RESULT: PGM,4,79.2783,70640544,10006078441,BinarySearch
RESULT:   PGM,       8,     0.00, 230.62,       226.37,      3.17,       2.92,          0.62,      93.97,        0.00,      58.77,             0.02,       16.94,              0.05,       0.01,             -nan, 50000, 0.98, 1.02, 2.45 
RESULT: PGM,8,82.2227,29643440,8934489157,BinarySearch
RESULT:   PGM,      32,     0.00, 240.60,       247.56,      3.18,       2.92,          0.73,      98.02,        0.00,      60.68,             0.02,       16.94,              0.05,       0.01,             -nan, 50000, 1.03, 1.02, 2.45 
RESULT: PGM,32,86.1433,4119040,7066784942,BinarySearch
RESULT:   PGM,      64,     0.00, 240.83,       256.48,      3.18,       2.92,          0.70,      98.16,        0.00,      61.50,             0.02,       16.94,              0.05,       0.01,             -nan, 50000, 1.06, 1.02, 2.45 
RESULT: PGM,64,86.5482,1293024,6351021217,BinarySearch
RESULT:   PGM,     256,     0.00, 213.76,       250.22,      3.19,       2.92,          0.74,      87.10,        0.00,      57.29,             0.02,       16.94,              0.05,       0.01,             -nan, 50000, 1.17, 1.02, 2.45 
RESULT: PGM,256,75.3108,97616,5412200550,BinarySearch
RESULT:   PGM,    1024,     0.00, 221.97,       276.50,      3.20,       2.92,          0.81,      90.46,        0.00,      59.67,             0.02,       16.94,              0.05,       0.01,             -nan, 50000, 1.25, 1.02, 2.45 
RESULT: PGM,1024,78.6638,7456,5029063023,BinarySearch
RESULT:   PGM,    2048,     0.00, 224.35,       287.60,      3.21,       2.92,          0.78,      91.42,        0.00,      60.68,             0.02,       16.95,              0.05,       0.01,             -nan, 50000, 1.28, 1.02, 2.45 
RESULT: PGM,2048,79.6099,3136,4995006430,BinarySearch
RESULT:   PGM,    4096,     0.00, 227.57,       298.57,      3.22,       2.91,          0.78,      92.73,        0.00,      61.68,             0.02,       16.94,              0.05,       0.01,             -nan, 50000, 1.31, 1.02, 2.45 
RESULT: PGM,4096,80.9239,1744,5008764968,BinarySearch
RESULT:   PGM,    8192,     0.00, 193.50,       281.06,      3.21,       2.92,          0.73,      78.84,        0.00,      56.46,             0.02,       16.94,              0.05,       0.01,             -nan, 50000, 1.45, 1.03, 2.45 
RESULT: PGM,8192,67.0094,1008,5047400174,BinarySearch
RESULT: PGMCacheL (0, 0.000000, 0),      16,     0.00, 245.97,       222.74,      3.23,       2.93,          0.42,     100.24,        0.00,      72.03,             0.03,       38.41,              0.05,       0.00,             -nan, 50000, 0.91, 1.02, 2.45 
RESULT: PGMCacheL (49683, 0.000000, 50000),16,88.423,11703072,7930814504,BinarySearch
RESULT: PGMCacheL (0, 0.000000, 0),       4,     0.00, 243.61,       222.45,      3.21,       2.92,          0.42,      99.24,        0.00,      71.98,             0.03,       38.38,              0.05,       0.00,             -nan, 50000, 0.91, 1.02, 2.45 
RESULT: PGMCacheL (49683, 0.000000, 50000),4,87.4864,70640544,9992779728,BinarySearch
RESULT: PGMCacheL (0, 0.000000, 0),       8,     0.00, 245.66,       222.47,      3.22,       2.92,          0.43,     100.10,        0.00,      71.97,             0.02,       38.38,              0.05,       0.00,             -nan, 50000, 0.91, 1.02, 2.45 
RESULT: PGMCacheL (49683, 0.000000, 50000),8,88.3159,29643440,8944334326,BinarySearch
RESULT: PGMCacheL (0, 0.000000, 0),      32,     0.00, 246.73,       222.45,      3.22,       2.92,          0.42,     100.57,        0.00,      71.94,             0.03,       38.36,              0.05,       0.00,             -nan, 50000, 0.90, 1.02, 2.45 
RESULT: PGMCacheL (49683, 0.000000, 50000),32,88.8463,4119040,7058089696,BinarySearch
RESULT: PGMCacheL (0, 0.000000, 0),      64,     0.00, 244.42,       222.52,      3.23,       2.92,          0.42,      99.60,        0.00,      71.94,             0.02,       38.36,              0.05,       0.00,             -nan, 50000, 0.91, 1.02, 2.45 
RESULT: PGMCacheL (49683, 0.000000, 50000),64,88.0233,1293024,6359039255,BinarySearch
RESULT: PGMCacheL (0, 0.000000, 0),     256,     0.00, 244.64,       222.50,      3.24,       2.92,          0.43,      99.72,        0.00,      71.92,             0.02,       38.37,              0.05,       0.00,             -nan, 50000, 0.91, 1.02, 2.45 
RESULT: PGMCacheL (49683, 0.000000, 50000),256,88.255,97616,5413650433,BinarySearch
RESULT: PGMCacheL (0, 0.000000, 0),    1024,     0.00, 246.79,       222.65,      3.24,       2.92,          0.43,     100.56,        0.00,      71.93,             0.02,       38.36,              0.05,       0.00,             -nan, 50000, 0.90, 1.02, 2.45 
RESULT: PGMCacheL (49683, 0.000000, 50000),1024,88.8674,7456,5029107698,BinarySearch
RESULT: PGMCacheL (0, 0.000000, 0),    2048,     0.00, 244.87,       222.72,      3.25,       2.92,          0.43,      95.87,        0.00,      71.94,             0.03,       38.36,              0.05,       0.00,             -nan, 50000, 0.91, 1.02, 2.55 
RESULT: PGMCacheL (49683, 0.000000, 50000),2048,84.2682,3136,4992011940,BinarySearch
RESULT: PGMCacheL (0, 0.000000, 0),    4096,     0.00, 247.28,       222.78,      3.26,       2.92,          0.42,     100.73,        0.00,      71.94,             0.02,       38.36,              0.05,       0.00,             -nan, 50000, 0.90, 1.02, 2.45 
RESULT: PGMCacheL (49683, 0.000000, 50000),4096,89.0773,1744,5007700600,BinarySearch
RESULT: PGMCacheL (0, 0.000000, 0),    8192,     0.00, 257.91,       222.64,      3.26,       2.93,          0.44,      79.37,        0.00,      71.90,             0.03,       38.36,              0.06,       0.00,             -nan, 50000, 0.86, 1.02, 3.25 
RESULT: PGMCacheL (49683, 0.000000, 50000),8192,68.3568,1008,5044177778,BinarySearch
RESULT: PGMCacheR (0, 0.000000, 0),      16,     0.00, 244.85,       222.54,      3.22,       2.92,          0.42,      99.76,        0.00,      71.98,             0.03,       38.38,              0.05,       0.00,             -nan, 50000, 0.91, 1.02, 2.45 
RESULT: PGMCacheR (49683, 0.000000, 50000),16,87.9721,11703072,7931177963,BinarySearch
RESULT: PGMCacheR (0, 0.000000, 0),       4,     0.00, 244.58,       222.51,      3.22,       2.92,          0.42,      99.65,        0.00,      71.99,             0.03,       38.39,              0.05,       0.00,             -nan, 50000, 0.91, 1.02, 2.45 
RESULT: PGMCacheR (49683, 0.000000, 50000),4,87.886,70640544,9994949145,BinarySearch
RESULT: PGMCacheR (0, 0.000000, 0),       8,     0.00, 247.12,       222.48,      3.22,       2.92,          0.43,     100.70,        0.00,      71.97,             0.02,       38.38,              0.05,       0.00,             -nan, 50000, 0.90, 1.02, 2.45 
RESULT: PGMCacheR (49683, 0.000000, 50000),8,88.905,29643440,8943982290,BinarySearch
RESULT: PGMCacheR (0, 0.000000, 0),      32,     0.00, 244.91,       222.50,      3.22,       2.92,          0.42,      99.78,        0.00,      71.94,             0.03,       38.36,              0.05,       0.00,             -nan, 50000, 0.91, 1.02, 2.45 
RESULT: PGMCacheR (49683, 0.000000, 50000),32,88.0136,4119040,7057963609,BinarySearch
RESULT: PGMCacheR (0, 0.000000, 0),      64,     0.00, 245.99,       222.54,      3.23,       2.91,          0.43,     100.25,        0.00,      71.95,             0.02,       38.36,              0.05,       0.00,             -nan, 50000, 0.90, 1.02, 2.45 
RESULT: PGMCacheR (49683, 0.000000, 50000),64,88.6461,1293024,6357748014,BinarySearch
RESULT: PGMCacheR (0, 0.000000, 0),     256,     0.00, 247.07,       222.46,      3.24,       2.92,          0.44,     100.66,        0.00,      71.91,             0.02,       38.36,              0.05,       0.00,             -nan, 50000, 0.90, 1.02, 2.45 
RESULT: PGMCacheR (49683, 0.000000, 50000),256,88.8867,97616,5412458289,BinarySearch
RESULT: PGMCacheR (0, 0.000000, 0),    1024,     0.00, 248.51,       222.66,      3.25,       2.92,          0.43,     101.27,        0.00,      71.94,             0.02,       38.36,              0.05,       0.00,             -nan, 50000, 0.90, 1.02, 2.45 
RESULT: PGMCacheR (49683, 0.000000, 50000),1024,89.4491,7456,5028539685,BinarySearch
RESULT: PGMCacheR (0, 0.000000, 0),    2048,     0.00, 245.30,       222.70,      3.25,       2.92,          0.43,      99.94,        0.00,      71.93,             0.03,       38.36,              0.05,       0.00,             -nan, 50000, 0.91, 1.02, 2.45 
RESULT: PGMCacheR (49683, 0.000000, 50000),2048,88.2112,3136,4992108423,BinarySearch
RESULT: PGMCacheR (0, 0.000000, 0),    4096,     0.00, 260.77,       222.78,      3.26,       2.92,          0.43,      82.80,        0.00,      71.94,             0.02,       38.36,              0.06,       0.00,             -nan, 50000, 0.85, 1.02, 3.15 
RESULT: PGMCacheR (49683, 0.000000, 50000),4096,72.0441,1744,5007502651,BinarySearch
RESULT: PGMCacheR (0, 0.000000, 0),    8192,     0.00, 255.78,       222.67,      3.27,       2.92,          0.44,      78.28,        0.00,      71.91,             0.03,       38.36,              0.06,       0.00,             -nan, 50000, 0.87, 1.02, 3.27 
RESULT: PGMCacheR (49683, 0.000000, 50000),8192,67.4541,1008,5046347427,BinarySearch
