Repeating lookup code 1 time(s).
Using 1 thread(s).
read 200000000 values from ./data/books_200M_uint64 in 769 ms (260.078 M values/s)
data is unique
read 1000000 values from ./data/books_200M_uint64_equality_lookups_zipf_1M_2 in 144 ms (6.94444 M values/s)
index, variant, time sec, cycles, instructions, L1-misses, LLC-misses, branch-misses, task-clock, page-faults, DTLB-loads, DTLB-load-misses, DTLB-stores, DTLB-store-misses, ITLB_loads, ITLB_load-misses,   scale,  IPC, CPUs,  GHz 
RESULT:   PGM,      16,     0.07, 214.61,       236.79,      0.48,       0.20,          0.63,      67.79,        0.00,      60.65,             0.03,        7.45,              0.02,       0.00,             0.00, 1000000, 1.10, 1.00, 3.17 
RESULT: PGM,16,63.7718,15418020,8470520142,BinarySearch
RESULT:   PGM,       4,     0.07, 235.43,       240.31,      0.46,       0.20,          0.62,      73.85,        0.00,      63.30,             0.00,        5.65,              0.00,       0.00,             0.00, 1000000, 1.02, 1.00, 3.19 
RESULT: PGM,4,73.2661,142554100,12022941467,BinarySearch
RESULT:   PGM,       8,     0.06, 203.24,       222.67,      0.47,       0.19,          0.69,      64.40,        0.00,      58.32,             0.01,        5.65,              0.00,       0.01,             0.00, 1000000, 1.10, 1.00, 3.16 
RESULT: PGM,8,63.8,45175800,9714688707,BinarySearch
RESULT:   PGM,      32,     0.07, 208.98,       243.17,      0.47,       0.19,          0.62,      66.10,        0.00,      60.21,             0.01,        5.65,              0.00,       0.01,             0.00, 1000000, 1.16, 1.00, 3.16 
RESULT: PGM,32,65.5047,5268320,7601566198,BinarySearch
RESULT:   PGM,      64,     0.07, 211.82,       253.42,      0.46,       0.19,          0.63,      65.98,        0.00,      61.25,             0.01,        5.66,              0.00,       0.01,             0.00, 1000000, 1.20, 1.00, 3.21 
RESULT: PGM,64,65.3807,1615200,6940652940,BinarySearch
RESULT:   PGM,     256,     0.06, 192.12,       249.76,      0.47,       0.18,          0.65,      59.75,        0.00,      56.97,             0.01,        5.64,              0.00,       0.01,             0.00, 1000000, 1.30, 1.00, 3.22 
RESULT: PGM,256,59.1797,119580,6065694138,BinarySearch
RESULT:   PGM,    1024,     0.06, 197.31,       270.74,      0.48,       0.18,          0.69,      62.50,        0.00,      59.04,             0.01,        5.65,              0.00,       0.02,             0.00, 1000000, 1.37, 1.00, 3.16 
RESULT: PGM,1024,61.9041,9080,5718644085,BinarySearch
RESULT:   PGM,    2048,     0.06, 194.03,       285.99,      0.48,       0.18,          0.69,      60.40,        0.00,      60.20,             0.01,        5.64,              0.00,       0.00,             0.00, 1000000, 1.47, 1.00, 3.21 
RESULT: PGM,2048,59.8053,4000,5697431977,BinarySearch
RESULT:   PGM,    4096,     0.06, 188.80,       283.42,      0.48,       0.18,          0.65,      58.67,        0.00,      56.93,             0.01,        4.65,              0.00,       0.00,             0.00, 1000000, 1.50, 1.00, 3.22 
RESULT: PGM,4096,58.0686,2120,5706995510,BinarySearch
RESULT:   PGM,    8192,     0.06, 199.43,       304.81,      0.49,       0.18,          0.65,      60.50,        0.00,      61.80,             0.01,        5.63,              0.00,       0.00,             0.00, 1000000, 1.53, 1.00, 3.30 
RESULT: PGM,8192,59.9032,1280,5740107143,BinarySearch
RESULT: PGMCacheL (0, 0.000000, 0),      16,     0.07, 215.80,       181.51,      0.54,       0.20,          0.28,      66.51,        0.00,      57.48,             0.01,       15.70,              0.00,       0.00,             0.00, 1000000, 0.84, 1.00, 3.24 
RESULT: PGMCacheL (998479, 0.000000, 1000000),16,65.9377,15418020,8507172826,BinarySearch
RESULT: PGMCacheL (0, 0.000000, 0),       4,     0.07, 216.91,       180.95,      0.54,       0.20,          0.28,      67.53,        0.00,      57.69,             0.01,       15.75,              0.00,       0.00,             0.00, 1000000, 0.83, 1.00, 3.21 
RESULT: PGMCacheL (998479, 0.000000, 1000000),4,66.9633,142554100,12152511559,BinarySearch
RESULT: PGMCacheL (0, 0.000000, 0),       8,     0.07, 217.53,       180.90,      0.53,       0.19,          0.28,      65.94,        0.00,      57.63,             0.01,       15.73,              0.00,       0.00,             0.00, 1000000, 0.83, 1.00, 3.30 
RESULT: PGMCacheL (998479, 0.000000, 1000000),8,65.3846,45175800,9739053467,BinarySearch
RESULT: PGMCacheL (0, 0.000000, 0),      32,     0.07, 216.03,       181.79,      0.55,       0.19,          0.28,      66.25,        0.00,      57.58,             0.01,       15.72,              0.00,       0.00,             0.00, 1000000, 0.84, 1.00, 3.26 
RESULT: PGMCacheL (998479, 0.000000, 1000000),32,65.6694,5268320,7618188048,BinarySearch
RESULT: PGMCacheL (0, 0.000000, 0),      64,     0.07, 215.67,       181.79,      0.55,       0.19,          0.28,      66.14,        0.00,      57.60,             0.01,       15.73,              0.00,       0.00,             0.00, 1000000, 0.84, 1.00, 3.26 
RESULT: PGMCacheL (998479, 0.000000, 1000000),64,65.5649,1615200,6984387278,BinarySearch
RESULT: PGMCacheL (0, 0.000000, 0),     256,     0.07, 216.07,       180.64,      0.54,       0.19,          0.28,      65.54,        0.00,      57.93,             0.01,       15.74,              0.00,       0.00,             0.00, 1000000, 0.84, 1.00, 3.30 
RESULT: PGMCacheL (998479, 0.000000, 1000000),256,64.947,119580,6100882509,BinarySearch
RESULT: PGMCacheL (0, 0.000000, 0),    1024,     0.07, 215.04,       180.89,      0.56,       0.20,          0.28,      67.91,        0.00,      57.67,             0.01,       15.73,              0.00,       0.00,             0.00, 1000000, 0.84, 1.00, 3.17 
RESULT: PGMCacheL (998479, 0.000000, 1000000),1024,67.3163,9080,5753583660,BinarySearch
RESULT: PGMCacheL (0, 0.000000, 0),    2048,     0.07, 214.87,       180.79,      0.56,       0.20,          0.28,      67.42,        0.00,      57.66,             0.01,       15.74,              0.00,       0.00,             0.00, 1000000, 0.84, 1.00, 3.19 
RESULT: PGMCacheL (998479, 0.000000, 1000000),2048,66.8227,4000,5732518592,BinarySearch
RESULT: PGMCacheL (0, 0.000000, 0),    4096,     0.07, 215.44,       180.57,      0.56,       0.20,          0.28,      67.66,        0.00,      57.66,             0.01,       15.74,              0.00,       0.00,             0.00, 1000000, 0.84, 1.00, 3.18 
RESULT: PGMCacheL (998479, 0.000000, 1000000),4096,67.0689,2120,5743750213,BinarySearch
RESULT: PGMCacheL (0, 0.000000, 0),    8192,     0.07, 216.77,       180.97,      0.57,       0.20,          0.28,      68.43,        0.00,      57.70,             0.01,       15.73,              0.00,       0.00,             0.00, 1000000, 0.83, 1.00, 3.17 
RESULT: PGMCacheL (998479, 0.000000, 1000000),8192,67.8513,1280,5775189882,BinarySearch
RESULT: PGMCacheR (0, 0.000000, 0),      16,     0.07, 216.02,       181.70,      0.55,       0.19,          0.28,      65.09,        0.00,      57.44,             0.01,       15.69,              0.00,       0.00,             0.00, 1000000, 0.84, 1.00, 3.32 
RESULT: PGMCacheR (998479, 0.000000, 1000000),16,64.5085,15418020,8506657576,BinarySearch
RESULT: PGMCacheR (0, 0.000000, 0),       4,     0.07, 216.25,       181.28,      0.55,       0.19,          0.28,      66.64,        0.00,      57.54,             0.01,       15.71,              0.00,       0.00,             0.00, 1000000, 0.84, 1.00, 3.24 
RESULT: PGMCacheR (998479, 0.000000, 1000000),4,66.0458,142554100,12152683986,BinarySearch
RESULT: PGMCacheR (0, 0.000000, 0),       8,     0.07, 216.17,       180.68,      0.54,       0.19,          0.28,      66.01,        0.00,      57.73,             0.01,       15.73,              0.00,       0.00,             0.00, 1000000, 0.84, 1.00, 3.27 
RESULT: PGMCacheR (998479, 0.000000, 1000000),8,65.4156,45175800,9737141851,BinarySearch
RESULT: PGMCacheR (0, 0.000000, 0),      32,     0.07, 216.01,       180.79,      0.54,       0.20,          0.28,      67.23,        0.00,      57.71,             0.01,       15.76,              0.00,       0.00,             0.00, 1000000, 0.84, 1.00, 3.21 
RESULT: PGMCacheR (998479, 0.000000, 1000000),32,66.6341,5268320,7618651336,BinarySearch
RESULT: PGMCacheR (0, 0.000000, 0),      64,     0.07, 215.67,       180.75,      0.54,       0.20,          0.28,      67.13,        0.00,      57.74,             0.01,       15.76,              0.00,       0.00,             0.00, 1000000, 0.84, 1.00, 3.21 
RESULT: PGMCacheR (998479, 0.000000, 1000000),64,66.5371,1615200,6982271044,BinarySearch
RESULT: PGMCacheR (0, 0.000000, 0),     256,     0.07, 216.25,       180.88,      0.55,       0.19,          0.28,      65.94,        0.00,      57.60,             0.01,       15.70,              0.00,       0.00,             0.00, 1000000, 0.84, 1.00, 3.28 
RESULT: PGMCacheR (998479, 0.000000, 1000000),256,65.3427,119580,6101203025,BinarySearch
RESULT: PGMCacheR (0, 0.000000, 0),    1024,     0.07, 215.60,       181.39,      0.56,       0.19,          0.28,      65.46,        0.00,      57.64,             0.01,       15.68,              0.00,       0.00,             0.00, 1000000, 0.84, 1.00, 3.29 
RESULT: PGMCacheR (998479, 0.000000, 1000000),1024,64.8796,9080,5753924277,BinarySearch
RESULT: PGMCacheR (0, 0.000000, 0),    2048,     0.06, 217.38,       181.42,      0.56,       0.19,          0.28,      64.80,        0.00,      57.64,             0.01,       15.71,              0.00,       0.00,             0.00, 1000000, 0.83, 1.00, 3.35 
RESULT: PGMCacheR (998479, 0.000000, 1000000),2048,64.215,4000,5732891436,BinarySearch
RESULT: PGMCacheR (0, 0.000000, 0),    4096,     0.07, 215.79,       180.94,      0.57,       0.20,          0.28,      66.22,        0.00,      57.57,             0.01,       15.72,              0.00,       0.00,             0.00, 1000000, 0.84, 1.00, 3.26 
RESULT: PGMCacheR (998479, 0.000000, 1000000),4096,65.6295,2120,5742558741,BinarySearch
RESULT: PGMCacheR (0, 0.000000, 0),    8192,     0.07, 217.22,       181.72,      0.58,       0.20,          0.28,      65.43,        0.00,      57.43,             0.01,       15.69,              0.00,       0.00,             0.00, 1000000, 0.84, 1.00, 3.32 
RESULT: PGMCacheR (998479, 0.000000, 1000000),8192,64.8378,1280,5775440362,BinarySearch
