Repeating lookup code 1 time(s).
Using 1 thread(s).
read 200000000 values from ./data/books_200M_uint32 in 396 ms (505.051 M values/s)
data contains duplicates
read 500000 values from ./data/books_200M_uint32_equality_lookups_zipf_500K_3 in 3 ms (166.667 M values/s)
index, variant, time sec, cycles, instructions, L1-misses, LLC-misses, branch-misses, task-clock, page-faults, DTLB-loads, DTLB-load-misses, DTLB-stores, DTLB-store-misses, ITLB_loads, ITLB_load-misses,  scale,  IPC, CPUs,  GHz 
RESULT:   PGM,      16,     0.04, 217.98,       242.00,      0.67,       0.39,          0.22,      70.72,        0.00,      58.59,             0.07,        9.79,              0.03,       0.00,             0.00, 500000, 1.11, 1.00, 3.08 
RESULT: PGM,16,62.6533,11703072,7961322770,BinarySearch
RESULT:   PGM,       4,     0.03, 188.52,       213.96,      0.65,       0.40,          0.15,      62.51,        0.00,      54.38,             0.01,        6.21,              0.01,       0.00,             0.00, 500000, 1.13, 1.00, 3.02 
RESULT: PGM,4,61.3142,70640544,10022167872,BinarySearch
RESULT:   PGM,       8,     0.03, 194.87,       225.15,      0.64,       0.40,          0.19,      64.38,        0.00,      55.16,             0.00,        6.21,              0.01,       0.00,             0.00, 500000, 1.16, 1.00, 3.03 
RESULT: PGM,8,63.1966,29643440,8947197153,BinarySearch
RESULT:   PGM,      32,     0.03, 206.16,       247.24,      0.63,       0.40,          0.24,      64.26,        0.00,      57.53,             0.00,        6.21,              0.01,       0.00,             0.00, 500000, 1.20, 1.00, 3.21 
RESULT: PGM,32,63.0697,4119040,7077359079,BinarySearch
RESULT:   PGM,      64,     0.03, 208.88,       258.03,      0.63,       0.40,          0.21,      65.03,        0.00,      58.27,             0.00,        6.21,              0.01,       0.00,             0.00, 500000, 1.24, 1.00, 3.21 
RESULT: PGM,64,63.8728,1293024,6357249646,BinarySearch
RESULT:   PGM,     256,     0.03, 177.23,       252.15,      0.66,       0.41,          0.20,      58.43,        0.00,      54.56,             0.00,        6.21,              0.01,       0.01,             0.00, 500000, 1.42, 1.00, 3.03 
RESULT: PGM,256,57.2367,97616,5419998218,BinarySearch
RESULT:   PGM,    1024,     0.03, 184.55,       276.83,      0.65,       0.41,          0.22,      60.39,        0.00,      56.26,             0.01,        6.21,              0.01,       0.00,             0.00, 500000, 1.50, 1.00, 3.06 
RESULT: PGM,1024,59.2075,7456,5034000099,BinarySearch
RESULT:   PGM,    2048,     0.03, 179.20,       282.07,      0.67,       0.42,          0.24,      53.50,        0.00,      59.96,             0.01,        6.21,              0.01,       0.00,             0.00, 500000, 1.57, 1.00, 3.35 
RESULT: PGM,2048,52.3913,3136,5000393880,BinarySearch
RESULT:   PGM,    4096,     0.03, 204.17,       312.92,      0.65,       0.40,          0.23,      60.76,        0.00,      58.60,             0.01,        6.21,              0.01,       0.00,             0.00, 500000, 1.53, 1.00, 3.36 
RESULT: PGM,4096,59.6655,1744,5014472699,BinarySearch
RESULT:   PGM,    8192,     0.03, 154.98,       279.53,      0.67,       0.43,          0.20,      52.31,        0.00,      54.86,             0.01,        6.21,              0.01,       0.00,             0.00, 500000, 1.80, 1.00, 2.96 
RESULT: PGM,8192,51.1224,1008,5056117562,BinarySearch
RESULT: PGMCacheL (0, 0.000000, 0),      16,     0.03, 156.06,       197.66,      0.67,       0.43,          0.03,      52.87,        0.00,      66.00,             0.01,       27.22,              0.01,       0.00,             0.00, 500000, 1.27, 1.00, 2.95 
RESULT: PGMCacheL (499900, 0.000000, 500000),16,51.6999,11703072,7949591260,BinarySearch
RESULT: PGMCacheL (0, 0.000000, 0),       4,     0.03, 155.78,       197.47,      0.68,       0.43,          0.03,      51.92,        0.00,      65.90,             0.01,       27.22,              0.01,       0.00,             0.00, 500000, 1.27, 1.00, 3.00 
RESULT: PGMCacheL (499900, 0.000000, 500000),4,50.7426,70640544,10033259488,BinarySearch
RESULT: PGMCacheL (0, 0.000000, 0),       8,     0.03, 160.82,       197.46,      0.66,       0.43,          0.03,      51.74,        0.00,      66.29,             0.01,       27.22,              0.01,       0.00,             0.00, 500000, 1.23, 1.00, 3.11 
RESULT: PGMCacheL (499900, 0.000000, 500000),8,50.5398,29643440,8940217764,BinarySearch
RESULT: PGMCacheL (0, 0.000000, 0),      32,     0.03, 159.01,       196.87,      0.66,       0.43,          0.03,      50.90,        0.00,      66.62,             0.01,       27.22,              0.01,       0.00,             0.00, 500000, 1.24, 1.00, 3.12 
RESULT: PGMCacheL (499900, 0.000000, 500000),32,49.7123,4119040,7066717164,BinarySearch
RESULT: PGMCacheL (0, 0.000000, 0),      64,     0.03, 155.87,       197.21,      0.68,       0.43,          0.03,      52.55,        0.00,      65.86,             0.01,       27.21,              0.01,       0.00,             0.00, 500000, 1.27, 1.00, 2.97 
RESULT: PGMCacheL (499900, 0.000000, 500000),64,51.3996,1293024,6362650005,BinarySearch
RESULT: PGMCacheL (0, 0.000000, 0),     256,     0.02, 151.24,       196.10,      0.70,       0.45,          0.03,      47.75,        0.00,      66.83,             0.01,       27.22,              0.01,       0.00,             0.00, 500000, 1.30, 1.00, 3.17 
RESULT: PGMCacheL (499900, 0.000000, 500000),256,46.6836,97616,5420635082,BinarySearch
RESULT: PGMCacheL (0, 0.000000, 0),    1024,     0.03, 159.33,       197.19,      0.67,       0.42,          0.03,      53.48,        0.00,      65.57,             0.01,       27.22,              0.01,       0.00,             0.00, 500000, 1.24, 1.00, 2.98 
RESULT: PGMCacheL (499900, 0.000000, 500000),1024,52.2962,7456,5038713354,BinarySearch
RESULT: PGMCacheL (0, 0.000000, 0),    2048,     0.03, 155.27,       196.78,      0.67,       0.42,          0.03,      53.04,        0.00,      65.88,             0.01,       27.22,              0.01,       0.00,             0.00, 500000, 1.27, 1.00, 2.93 
RESULT: PGMCacheL (499900, 0.000000, 500000),2048,51.8598,3136,4999685994,BinarySearch
RESULT: PGMCacheL (0, 0.000000, 0),    4096,     0.03, 158.37,       197.16,      0.67,       0.42,          0.03,      53.91,        0.00,      65.67,             0.01,       27.22,              0.01,       0.00,             0.00, 500000, 1.24, 1.00, 2.94 
RESULT: PGMCacheL (499900, 0.000000, 500000),4096,52.7197,1744,5013974216,BinarySearch
RESULT: PGMCacheL (0, 0.000000, 0),    8192,     0.03, 160.56,       197.26,      0.66,       0.43,          0.03,      51.73,        0.00,      66.34,             0.01,       27.22,              0.01,       0.00,             0.00, 500000, 1.23, 1.00, 3.10 
RESULT: PGMCacheL (499900, 0.000000, 500000),8192,50.5238,1008,5051439585,BinarySearch
RESULT: PGMCacheR (0, 0.000000, 0),      16,     0.03, 156.87,       197.02,      0.67,       0.42,          0.03,      53.49,        0.00,      65.73,             0.01,       27.22,              0.01,       0.00,             0.00, 500000, 1.26, 1.00, 2.93 
RESULT: PGMCacheR (499900, 0.000000, 500000),16,52.1923,11703072,7954550584,BinarySearch
RESULT: PGMCacheR (0, 0.000000, 0),       4,     0.03, 155.32,       197.17,      0.68,       0.43,          0.03,      52.39,        0.00,      65.90,             0.01,       27.22,              0.01,       0.00,             0.00, 500000, 1.27, 1.00, 2.96 
RESULT: PGMCacheR (499900, 0.000000, 500000),4,51.2061,70640544,10039123044,BinarySearch
RESULT: PGMCacheR (0, 0.000000, 0),       8,     0.03, 156.96,       198.54,      0.68,       0.43,          0.03,      52.74,        0.00,      66.11,             0.01,       27.22,              0.01,       0.00,             0.00, 500000, 1.26, 1.00, 2.98 
RESULT: PGMCacheR (499900, 0.000000, 500000),8,51.5953,29643440,8951966547,BinarySearch
RESULT: PGMCacheR (0, 0.000000, 0),      32,     0.03, 157.26,       197.47,      0.67,       0.42,          0.03,      52.90,        0.00,      65.73,             0.01,       27.22,              0.01,       0.00,             0.00, 500000, 1.26, 1.00, 2.97 
RESULT: PGMCacheR (499900, 0.000000, 500000),32,51.7222,4119040,7065938146,BinarySearch
RESULT: PGMCacheR (0, 0.000000, 0),      64,     0.03, 155.63,       196.77,      0.67,       0.42,          0.03,      53.12,        0.00,      65.84,             0.01,       27.22,              0.01,       0.00,             0.00, 500000, 1.26, 1.00, 2.93 
RESULT: PGMCacheR (499900, 0.000000, 500000),64,51.9677,1293024,6365526360,BinarySearch
RESULT: PGMCacheR (0, 0.000000, 0),     256,     0.03, 157.23,       197.10,      0.67,       0.42,          0.03,      53.58,        0.00,      65.72,             0.01,       27.22,              0.01,       0.00,             0.00, 500000, 1.25, 1.00, 2.93 
RESULT: PGMCacheR (499900, 0.000000, 500000),256,52.3944,97616,5423628988,BinarySearch
RESULT: PGMCacheR (0, 0.000000, 0),    1024,     0.03, 160.75,       198.44,      0.67,       0.42,          0.03,      53.18,        0.00,      65.46,             0.01,       27.22,              0.01,       0.00,             0.00, 500000, 1.23, 1.00, 3.02 
RESULT: PGMCacheR (499900, 0.000000, 500000),1024,52.0058,7456,5037784337,BinarySearch
RESULT: PGMCacheR (0, 0.000000, 0),    2048,     0.03, 155.77,       197.18,      0.67,       0.43,          0.03,      52.65,        0.00,      65.93,             0.01,       27.22,              0.01,       0.00,             0.00, 500000, 1.27, 1.00, 2.96 
RESULT: PGMCacheR (499900, 0.000000, 500000),2048,51.4585,3136,4996833085,BinarySearch
RESULT: PGMCacheR (0, 0.000000, 0),    4096,     0.03, 163.02,       197.51,      0.65,       0.43,          0.03,      51.86,        0.00,      66.13,             0.01,       27.22,              0.01,       0.00,             0.00, 500000, 1.21, 1.00, 3.14 
RESULT: PGMCacheR (499900, 0.000000, 500000),4096,50.6529,1744,5014399567,BinarySearch
RESULT: PGMCacheR (0, 0.000000, 0),    8192,     0.03, 157.02,       196.90,      0.67,       0.42,          0.03,      53.53,        0.00,      65.77,             0.01,       27.22,              0.01,       0.00,             0.00, 500000, 1.25, 1.00, 2.93 
RESULT: PGMCacheR (499900, 0.000000, 500000),8192,52.3412,1008,5053704373,BinarySearch
