Repeating lookup code 1 time(s).
Using 1 thread(s).
read 200000000 values from ./data/books_200M_uint64 in 770 ms (259.74 M values/s)
data is unique
read 50000 values from ./data/books_200M_uint64_equality_lookups_zipf_50K_1 in 19 ms (2.63158 M values/s)
index, variant, time sec, cycles, instructions, L1-misses, LLC-misses, branch-misses, task-clock, page-faults, DTLB-loads, DTLB-load-misses, DTLB-stores, DTLB-store-misses, ITLB_loads, ITLB_load-misses, scale,  IPC, CPUs,  GHz 
RESULT:   PGM,      16,     0.01, 419.11,       320.90,      3.60,       2.98,          1.18,     170.80,        0.04,      89.23,             0.51,       49.26,              0.31,       0.01,             -nan, 50000, 0.77, 1.01, 2.45 
RESULT: PGM,16,90.0082,15418020,8470751019,BinarySearch
RESULT:   PGM,       4,     0.01, 275.85,       242.46,      3.28,       2.95,          0.99,     112.40,        0.00,      64.98,             0.02,       16.97,              0.05,       0.01,             -nan, 50000, 0.88, 1.02, 2.45 
RESULT: PGM,4,100.452,142554100,12020992827,BinarySearch
RESULT:   PGM,       8,     0.00, 245.86,       224.95,      3.27,       2.94,          1.06,      92.68,        0.00,      59.66,             0.02,       16.95,              0.05,       0.01,             -nan, 50000, 0.91, 1.02, 2.65 
RESULT: PGM,8,81.0278,45175800,9717080611,BinarySearch
RESULT:   PGM,      32,     0.01, 251.44,       244.54,      3.28,       2.94,          1.11,     102.44,        0.00,      61.40,             0.02,       16.94,              0.05,       0.01,             -nan, 50000, 0.97, 1.02, 2.45 
RESULT: PGM,32,90.5823,5268320,7604616205,BinarySearch
RESULT:   PGM,      64,     0.01, 253.91,       254.41,      3.30,       2.95,          1.13,     103.46,        0.00,      62.31,             0.02,       16.95,              0.05,       0.01,             -nan, 50000, 1.00, 1.02, 2.45 
RESULT: PGM,64,91.5659,1615200,6940439103,BinarySearch
RESULT:   PGM,     256,     0.01, 261.84,       250.10,      3.40,       2.98,          1.29,     106.72,        0.00,      58.25,             0.03,       16.94,              0.05,       0.01,             -nan, 50000, 0.96, 1.02, 2.45 
RESULT: PGM,256,94.9172,119580,6065609607,BinarySearch
RESULT:   PGM,    1024,     0.00, 238.15,       270.89,      3.46,       3.02,          1.35,      97.08,        0.00,      60.14,             0.03,       16.95,              0.05,       0.02,             -nan, 50000, 1.14, 1.02, 2.45 
RESULT: PGM,1024,85.126,9080,5718577598,BinarySearch
RESULT:   PGM,    2048,     0.00, 243.54,       287.08,      3.48,       3.02,          1.35,      91.82,        0.00,      61.61,             0.03,       16.94,              0.05,       0.01,             -nan, 50000, 1.18, 1.02, 2.65 
RESULT: PGM,2048,80.2264,4000,5697574595,BinarySearch
RESULT:   PGM,    4096,     0.00, 237.94,       283.02,      3.53,       3.03,          1.32,      89.69,        0.00,      58.24,             0.03,       15.94,              0.05,       0.02,             -nan, 50000, 1.19, 1.02, 2.65 
RESULT: PGM,4096,78.0586,2120,5707328381,BinarySearch
RESULT:   PGM,    8192,     0.00, 247.95,       303.82,      3.60,       3.05,          1.35,     101.04,        0.00,      63.13,             0.04,       16.94,              0.05,       0.01,             -nan, 50000, 1.23, 1.02, 2.45 
RESULT: PGM,8192,89.147,1280,5740303600,BinarySearch
RESULT: PGMCacheL (0, 0.000000, 0),      16,     0.00, 209.18,       176.01,      3.57,       2.97,          0.41,      85.25,        0.00,      56.98,             0.04,       28.48,              0.06,       0.00,             -nan, 50000, 0.84, 1.02, 2.45 
RESULT: PGMCacheL (48787, 0.000000, 50000),16,73.6959,15418020,8513347084,BinarySearch
RESULT: PGMCacheL (0, 0.000000, 0),       4,     0.00, 209.71,       176.57,      3.56,       2.96,          0.45,      85.48,        0.00,      57.16,             0.05,       28.56,              0.05,       0.00,             -nan, 50000, 0.84, 1.02, 2.45 
RESULT: PGMCacheL (48787, 0.000000, 50000),4,73.9682,142554100,12158535920,BinarySearch
RESULT: PGMCacheL (0, 0.000000, 0),       8,     0.00, 207.54,       174.81,      3.50,       2.95,          0.41,      78.24,        0.00,      56.69,             0.04,       28.37,              0.05,       0.01,             -nan, 50000, 0.84, 1.02, 2.65 
RESULT: PGMCacheL (48787, 0.000000, 50000),8,66.9448,45175800,9742227972,BinarySearch
RESULT: PGMCacheL (0, 0.000000, 0),      32,     0.00, 207.93,       176.10,      3.53,       2.96,          0.43,      84.74,        0.00,      56.93,             0.04,       28.51,              0.05,       0.00,             -nan, 50000, 0.85, 1.02, 2.45 
RESULT: PGMCacheL (48787, 0.000000, 50000),32,72.8149,5268320,7619198022,BinarySearch
RESULT: PGMCacheL (0, 0.000000, 0),      64,     0.00, 206.75,       175.41,      3.54,       2.95,          0.40,      84.27,        0.00,      56.72,             0.04,       28.37,              0.05,       0.01,             -nan, 50000, 0.85, 1.02, 2.45 
RESULT: PGMCacheL (48787, 0.000000, 50000),64,72.3946,1615200,6984489316,BinarySearch
RESULT: PGMCacheL (0, 0.000000, 0),     256,     0.00, 208.70,       176.26,      3.62,       2.98,          0.45,      85.08,        0.00,      56.87,             0.04,       28.53,              0.05,       0.00,             -nan, 50000, 0.84, 1.02, 2.45 
RESULT: PGMCacheL (48787, 0.000000, 50000),256,73.2261,119580,6100415519,BinarySearch
RESULT: PGMCacheL (0, 0.000000, 0),    1024,     0.00, 207.78,       175.65,      3.73,       3.00,          0.46,      84.69,        0.00,      56.64,             0.04,       28.37,              0.05,       0.00,             -nan, 50000, 0.85, 1.02, 2.45 
RESULT: PGMCacheL (48787, 0.000000, 50000),1024,72.8118,9080,5754045086,BinarySearch
RESULT: PGMCacheL (0, 0.000000, 0),    2048,     0.00, 210.85,       176.93,      3.80,       3.03,          0.49,      85.96,        0.00,      56.90,             0.05,       28.51,              0.05,       0.00,             -nan, 50000, 0.84, 1.02, 2.45 
RESULT: PGMCacheL (48787, 0.000000, 50000),2048,74.1957,4000,5732952447,BinarySearch
RESULT: PGMCacheL (0, 0.000000, 0),    4096,     0.00, 210.57,       176.31,      3.84,       3.04,          0.49,      85.85,        0.00,      56.72,             0.05,       28.38,              0.05,       0.00,             -nan, 50000, 0.84, 1.02, 2.45 
RESULT: PGMCacheL (48787, 0.000000, 50000),4096,73.9907,2120,5743459555,BinarySearch
RESULT: PGMCacheL (0, 0.000000, 0),    8192,     0.00, 215.46,       177.33,      3.95,       3.07,          0.52,      87.83,        0.00,      56.94,             0.06,       28.51,              0.05,       0.00,             -nan, 50000, 0.82, 1.02, 2.45 
RESULT: PGMCacheL (48787, 0.000000, 50000),8192,76.2074,1280,5775211091,BinarySearch
RESULT: PGMCacheR (0, 0.000000, 0),      16,     0.00, 207.85,       175.24,      3.51,       2.95,          0.41,      84.72,        0.00,      56.77,             0.04,       28.41,              0.05,       0.00,             -nan, 50000, 0.84, 1.02, 2.45 
RESULT: PGMCacheR (48787, 0.000000, 50000),16,72.88,15418020,8512399418,BinarySearch
RESULT: PGMCacheR (0, 0.000000, 0),       4,     0.00, 209.18,       176.32,      3.55,       2.95,          0.44,      85.29,        0.00,      57.09,             0.05,       28.51,              0.05,       0.00,             -nan, 50000, 0.84, 1.02, 2.45 
RESULT: PGMCacheR (48787, 0.000000, 50000),4,73.4307,142554100,12159173770,BinarySearch
RESULT: PGMCacheR (0, 0.000000, 0),       8,     0.00, 203.89,       174.82,      3.52,       2.94,          0.41,      90.42,        0.00,      56.70,             0.05,       28.36,              0.05,       0.00,             -nan, 50000, 0.86, 1.02, 2.25 
RESULT: PGMCacheR (48787, 0.000000, 50000),8,78.0118,45175800,9741248471,BinarySearch
RESULT: PGMCacheR (0, 0.000000, 0),      32,     0.00, 207.76,       177.08,      3.55,       2.95,          0.43,      84.64,        0.00,      57.11,             0.04,       28.58,              0.05,       0.01,             -nan, 50000, 0.85, 1.02, 2.45 
RESULT: PGMCacheR (48787, 0.000000, 50000),32,72.9288,5268320,7619850962,BinarySearch
RESULT: PGMCacheR (0, 0.000000, 0),      64,     0.00, 205.98,       175.56,      3.55,       2.96,          0.41,      91.40,        0.00,      56.77,             0.04,       28.38,              0.05,       0.00,             -nan, 50000, 0.85, 1.02, 2.25 
RESULT: PGMCacheR (48787, 0.000000, 50000),64,78.837,1615200,6984597731,BinarySearch
RESULT: PGMCacheR (0, 0.000000, 0),     256,     0.00, 208.35,       176.24,      3.62,       2.98,          0.45,      84.91,        0.00,      56.86,             0.05,       28.52,              0.05,       0.00,             -nan, 50000, 0.85, 1.02, 2.45 
RESULT: PGMCacheR (48787, 0.000000, 50000),256,73.2344,119580,6100731826,BinarySearch
RESULT: PGMCacheR (0, 0.000000, 0),    1024,     0.00, 206.81,       175.67,      3.73,       3.00,          0.46,      84.30,        0.00,      56.64,             0.04,       28.37,              0.05,       0.00,             -nan, 50000, 0.85, 1.02, 2.45 
RESULT: PGMCacheR (48787, 0.000000, 50000),1024,72.7428,9080,5753798755,BinarySearch
RESULT: PGMCacheR (0, 0.000000, 0),    2048,     0.00, 212.83,       176.92,      3.80,       3.02,          0.49,      80.22,        0.00,      56.90,             0.05,       28.50,              0.05,       0.01,             -nan, 50000, 0.83, 1.02, 2.65 
RESULT: PGMCacheR (48787, 0.000000, 50000),2048,68.7213,4000,5732875037,BinarySearch
RESULT: PGMCacheR (0, 0.000000, 0),    4096,     0.00, 210.03,       176.23,      3.85,       3.04,          0.48,      85.63,        0.00,      56.69,             0.05,       28.36,              0.05,       0.00,             -nan, 50000, 0.84, 1.02, 2.45 
RESULT: PGMCacheR (48787, 0.000000, 50000),4096,73.8176,2120,5743288469,BinarySearch
RESULT: PGMCacheR (0, 0.000000, 0),    8192,     0.00, 213.11,       177.32,      3.95,       3.07,          0.52,      86.87,        0.00,      56.93,             0.06,       28.51,              0.05,       0.00,             -nan, 50000, 0.83, 1.02, 2.45 
RESULT: PGMCacheR (48787, 0.000000, 50000),8192,74.9204,1280,5775271955,BinarySearch
