Repeating lookup code 1 time(s).
Using 1 thread(s).
read 200000000 values from ./data/books_200M_uint64 in 768 ms (260.417 M values/s)
data is unique
read 1000 values from ./data/books_200M_uint64_equality_lookups_zipf_1K_2 in 10 ms (0.1 M values/s)
index, variant, time sec,   cycles, instructions, L1-misses, LLC-misses, branch-misses, task-clock, page-faults, DTLB-loads, DTLB-load-misses, DTLB-stores, DTLB-store-misses, ITLB_loads, ITLB_load-misses, scale,  IPC, CPUs,  GHz 
RESULT:   PGM,      16,     0.00, 10607.06,      5083.44,    160.31,     146.58,          7.84,    4320.74,        2.20,    1506.95,            24.93,     2214.70,             15.52,       0.28,             -nan,  1000, 0.48, 1.02, 2.45 
RESULT: PGM,16,277.407,15418020,8472081148,BinarySearch
RESULT:   PGM,       4,     0.00, 1918.23,       349.01,    145.07,     145.01,          3.00,     830.29,        0.00,      96.63,             0.72,      600.78,              2.64,       -nan,             -nan,  1000, 0.18, 1.13, 2.31 
RESULT: PGM,4,238.308,142554100,12019337338,BinarySearch
RESULT:   PGM,       8,     0.00, 1862.72,       328.79,    144.85,     144.72,          3.00,     808.65,        0.00,      90.49,             0.67,      600.69,              2.66,       -nan,             -nan,  1000, 0.18, 1.14, 2.30 
RESULT: PGM,8,217.936,45175800,9718348935,BinarySearch
RESULT:   PGM,      32,     0.00, 1888.64,       350.74,    144.91,     144.76,          3.00,     819.56,        0.00,      92.50,             0.68,      600.73,              2.66,       -nan,             -nan,  1000, 0.19, 1.14, 2.30 
RESULT: PGM,32,220.648,5268320,7598016022,BinarySearch
RESULT:   PGM,      64,     0.00, 2121.03,       465.17,    145.56,     145.24,          3.32,     913.36,        0.05,     125.03,             1.31,      636.84,              3.06,       -nan,             -nan,  1000, 0.22, 1.12, 2.32 
RESULT: PGM,64,218.112,1615200,6940194498,BinarySearch
RESULT:   PGM,     256,     0.00, 1846.90,       354.78,    144.90,     144.76,          3.08,     802.84,        0.00,      89.00,             0.66,      600.34,              2.72,       -nan,             -nan,  1000, 0.19, 1.14, 2.30 
RESULT: PGM,256,209.228,119580,6067244289,BinarySearch
RESULT:   PGM,    1024,     0.00, 1856.12,       376.34,    144.89,     144.81,          3.12,     806.88,        0.00,      91.00,             0.67,      600.39,              2.64,       -nan,             -nan,  1000, 0.20, 1.14, 2.30 
RESULT: PGM,1024,210.999,9080,5718804646,BinarySearch
RESULT:   PGM,    2048,     0.00, 1829.28,       391.77,    144.92,     144.78,          3.19,     794.84,        0.00,      92.51,             0.69,      600.55,              2.61,       -nan,             -nan,  1000, 0.21, 1.14, 2.30 
RESULT: PGM,2048,212.419,4000,5697977904,BinarySearch
RESULT:   PGM,    4096,     0.00, 1843.22,       389.09,    144.91,     144.63,          3.05,     799.68,        0.00,      89.30,             0.67,      599.54,              2.63,       -nan,             -nan,  1000, 0.21, 1.14, 2.30 
RESULT: PGM,4096,208.762,2120,5708572845,BinarySearch
RESULT:   PGM,    8192,     0.00, 1819.18,       409.70,    144.94,     144.87,          3.12,     790.98,        0.00,      94.06,             0.68,      600.40,              2.62,       -nan,             -nan,  1000, 0.23, 1.14, 2.30 
RESULT: PGM,8192,213.693,1280,5740650471,BinarySearch
RESULT: PGMCacheL (0, 0.000000, 0),      16,     0.00, 10577.26,      4931.03,    162.28,     148.53,          6.47,    4311.80,        2.17,    1481.17,            25.44,     2192.12,             16.44,       0.24,             -nan,  1000, 0.47, 1.02, 2.45 
RESULT: PGMCacheL (958, 0.000000, 1000),16,223.377,15418020,8508942778,BinarySearch
RESULT: PGMCacheL (0, 0.000000, 0),       4,     0.00, 1960.13,       286.14,    144.97,     144.91,          2.83,     785.21,        0.00,      89.37,             0.72,      612.29,              2.67,       -nan,             -nan,  1000, 0.15, 1.13, 2.50 
RESULT: PGMCacheL (958, 0.000000, 1000),4,205.05,142554100,12155789462,BinarySearch
RESULT: PGMCacheL (0, 0.000000, 0),       8,     0.00, 1899.29,       290.53,    145.09,     145.11,          2.94,     823.52,        0.00,      91.06,             0.76,      613.20,              2.64,       -nan,             -nan,  1000, 0.15, 1.14, 2.31 
RESULT: PGMCacheL (958, 0.000000, 1000),8,223.476,45175800,9743739252,BinarySearch
RESULT: PGMCacheL (0, 0.000000, 0),      32,     0.00, 1938.55,       284.72,    144.98,     144.81,          2.88,     777.58,        0.00,      89.02,             0.72,      612.11,              2.68,       -nan,             -nan,  1000, 0.15, 1.14, 2.49 
RESULT: PGMCacheL (958, 0.000000, 1000),32,200.779,5268320,7620072011,BinarySearch
RESULT: PGMCacheL (0, 0.000000, 0),      64,     0.00, 1853.35,       285.12,    145.04,     144.73,          2.90,     805.01,        0.00,      89.08,             0.72,      612.14,              2.73,       -nan,             -nan,  1000, 0.15, 1.14, 2.30 
RESULT: PGMCacheL (958, 0.000000, 1000),64,211.678,1615200,6982977599,BinarySearch
RESULT: PGMCacheL (0, 0.000000, 0),     256,     0.00, 1934.07,       291.01,    145.13,     145.00,          3.04,     776.02,        0.00,      90.93,             0.78,      613.17,              2.75,       -nan,             -nan,  1000, 0.15, 1.14, 2.49 
RESULT: PGMCacheL (958, 0.000000, 1000),256,209.176,119580,6102703896,BinarySearch
RESULT: PGMCacheL (0, 0.000000, 0),    1024,     0.00, 1868.03,       285.58,    144.99,     144.92,          2.95,     780.97,        0.00,      89.02,             0.73,      612.24,              2.62,       -nan,             -nan,  1000, 0.15, 1.14, 2.39 
RESULT: PGMCacheL (958, 0.000000, 1000),1024,207.63,9080,5753841777,BinarySearch
RESULT: PGMCacheL (0, 0.000000, 0),    2048,     0.00, 1897.58,       290.35,    145.31,     145.32,          3.12,     823.37,        0.00,      90.28,             0.77,      613.29,              2.65,       -nan,             -nan,  1000, 0.15, 1.14, 2.30 
RESULT: PGMCacheL (958, 0.000000, 1000),2048,228.056,4000,5732456662,BinarySearch
RESULT: PGMCacheL (0, 0.000000, 0),    4096,     0.00, 1889.35,       299.92,    145.11,     145.12,          3.06,     820.16,        0.00,      91.93,             0.77,      614.30,              2.63,       -nan,             -nan,  1000, 0.16, 1.14, 2.30 
RESULT: PGMCacheL (958, 0.000000, 1000),4096,223.106,2120,5742860387,BinarySearch
RESULT: PGMCacheL (0, 0.000000, 0),    8192,     0.00, 1871.88,       294.91,    145.04,     144.84,          2.93,     813.13,        0.00,      90.10,             0.73,      613.46,              2.65,       -nan,             -nan,  1000, 0.16, 1.14, 2.30 
RESULT: PGMCacheL (958, 0.000000, 1000),8192,216.944,1280,5774810247,BinarySearch
RESULT: PGMCacheR (0, 0.000000, 0),      16,     0.00, 10593.45,      4939.17,    162.54,     148.65,          6.49,    4318.08,        2.17,    1483.28,            25.50,     2190.83,             16.63,       0.27,             -nan,  1000, 0.47, 1.02, 2.45 
RESULT: PGMCacheR (958, 0.000000, 1000),16,223.979,15418020,8508148501,BinarySearch
RESULT: PGMCacheR (0, 0.000000, 0),       4,     0.00, 1854.89,       291.07,    144.96,     144.71,          2.83,     806.64,        0.00,      89.93,             0.74,      613.22,              2.64,       -nan,             -nan,  1000, 0.16, 1.14, 2.30 
RESULT: PGMCacheR (958, 0.000000, 1000),4,212.609,142554100,12155340294,BinarySearch
RESULT: PGMCacheR (0, 0.000000, 0),       8,     0.00, 1856.69,       290.72,    144.94,     144.77,          2.84,     807.46,        0.00,      89.78,             0.72,      613.28,              2.66,       -nan,             -nan,  1000, 0.16, 1.14, 2.30 
RESULT: PGMCacheR (958, 0.000000, 1000),8,215.334,45175800,9739899938,BinarySearch
RESULT: PGMCacheR (0, 0.000000, 0),      32,     0.00, 1849.22,       291.39,    145.02,     144.78,          2.90,     805.22,        0.00,      89.84,             0.73,      613.28,              2.65,       -nan,             -nan,  1000, 0.16, 1.14, 2.30 
RESULT: PGMCacheR (958, 0.000000, 1000),32,211.661,5268320,7619864610,BinarySearch
RESULT: PGMCacheR (0, 0.000000, 0),      64,     0.00, 1897.67,       298.24,    145.11,     145.02,          3.04,     823.30,        0.00,      91.91,             0.76,      614.23,              2.71,       -nan,             -nan,  1000, 0.16, 1.14, 2.30 
RESULT: PGMCacheR (958, 0.000000, 1000),64,224.275,1615200,6983074933,BinarySearch
RESULT: PGMCacheR (0, 0.000000, 0),     256,     0.00, 1896.19,       298.16,    145.15,     145.11,          3.09,     821.94,        0.00,      91.81,             0.77,      614.34,              2.73,       -nan,             -nan,  1000, 0.16, 1.14, 2.31 
RESULT: PGMCacheR (958, 0.000000, 1000),256,223.566,119580,6102626575,BinarySearch
RESULT: PGMCacheR (0, 0.000000, 0),    1024,     0.00, 1861.38,       292.27,    144.99,     144.88,          2.96,     808.14,        0.00,      89.79,             0.72,      613.34,              2.65,       -nan,             -nan,  1000, 0.16, 1.14, 2.30 
RESULT: PGMCacheR (958, 0.000000, 1000),1024,211.405,9080,5753669044,BinarySearch
RESULT: PGMCacheR (0, 0.000000, 0),    2048,     0.00, 1824.22,       293.70,    145.03,     144.89,          2.94,     793.55,        0.00,      89.92,             0.73,      613.40,              2.62,       -nan,             -nan,  1000, 0.16, 1.14, 2.30 
RESULT: PGMCacheR (958, 0.000000, 1000),2048,211.958,4000,5732604296,BinarySearch
RESULT: PGMCacheR (0, 0.000000, 0),    4096,     0.00, 1851.83,       300.11,    145.16,     145.10,          3.07,     804.24,        0.00,      91.95,             0.77,      614.30,              2.64,       -nan,             -nan,  1000, 0.16, 1.14, 2.30 
RESULT: PGMCacheR (958, 0.000000, 1000),4096,225.493,2120,5742662343,BinarySearch
RESULT: PGMCacheR (0, 0.000000, 0),    8192,     0.00, 1856.22,       292.74,    145.04,     144.80,          2.93,     807.15,        0.00,      89.70,             0.73,      613.14,              2.65,       -nan,             -nan,  1000, 0.16, 1.14, 2.30 
RESULT: PGMCacheR (958, 0.000000, 1000),8192,211.234,1280,5774955601,BinarySearch
