Repeating lookup code 1 time(s).
Using 1 thread(s).
read 200000000 values from ./data/books_200M_uint32 in 389 ms (514.139 M values/s)
data contains duplicates
read 1000000 values from ./data/books_200M_uint32_equality_lookups_zipf_1M_2 in 166 ms (6.0241 M values/s)
index, variant, time sec, cycles, instructions, L1-misses, LLC-misses, branch-misses, task-clock, page-faults, DTLB-loads, DTLB-load-misses, DTLB-stores, DTLB-store-misses, ITLB_loads, ITLB_load-misses,   scale,  IPC, CPUs,  GHz 
RESULT:   PGM,      16,     0.07, 219.16,       236.40,      0.48,       0.21,          0.63,      68.20,        0.00,      59.78,             0.03,        7.45,              0.02,       0.01,             0.00, 1000000, 1.08, 1.00, 3.21 
RESULT: PGM,16,64.1449,11703072,7949651789,BinarySearch
RESULT:   PGM,       4,     0.06, 195.74,       214.33,      0.46,       0.18,          0.47,      62.17,        0.00,      56.60,             0.01,        5.65,              0.00,       0.00,             0.00, 1000000, 1.09, 1.00, 3.15 
RESULT: PGM,4,61.5746,70640544,10010093099,BinarySearch
RESULT:   PGM,       8,     0.06, 207.57,       224.95,      0.46,       0.19,          0.58,      64.71,        0.00,      57.70,             0.01,        5.66,              0.00,       0.02,             0.00, 1000000, 1.08, 1.00, 3.21 
RESULT: PGM,8,64.1117,29643440,8935995648,BinarySearch
RESULT:   PGM,      32,     0.07, 214.00,       246.91,      0.47,       0.19,          0.67,      66.01,        0.00,      59.43,             0.01,        5.64,              0.00,       0.01,             0.00, 1000000, 1.15, 1.00, 3.24 
RESULT: PGM,32,65.4173,4119040,7069328101,BinarySearch
RESULT:   PGM,      64,     0.06, 218.93,       255.93,      0.47,       0.19,          0.63,      65.02,        0.00,      60.23,             0.01,        5.65,              0.00,       0.01,             0.00, 1000000, 1.17, 1.00, 3.37 
RESULT: PGM,64,64.3997,1293024,6349579667,BinarySearch
RESULT:   PGM,     256,     0.06, 186.52,       249.85,      0.46,       0.18,          0.66,      56.76,        0.00,      56.03,             0.01,        5.65,              0.00,       0.01,             0.00, 1000000, 1.34, 1.00, 3.29 
RESULT: PGM,256,56.1574,97616,5411431229,BinarySearch
RESULT:   PGM,    1024,     0.06, 196.64,       276.29,      0.47,       0.18,          0.73,      58.84,        0.00,      58.28,             0.01,        5.64,              0.00,       0.01,             0.00, 1000000, 1.41, 1.00, 3.34 
RESULT: PGM,1024,58.2419,7456,5029397895,BinarySearch
RESULT:   PGM,    2048,     0.06, 197.15,       286.23,      0.50,       0.18,          0.73,      62.59,        0.00,      59.42,             0.01,        5.65,              0.00,       0.01,             0.00, 1000000, 1.45, 1.00, 3.15 
RESULT: PGM,2048,61.9955,3136,4995565481,BinarySearch
RESULT:   PGM,    4096,     0.06, 201.46,       297.22,      0.50,       0.19,          0.72,      62.87,        0.00,      60.55,             0.01,        5.66,              0.00,       0.01,             0.00, 1000000, 1.48, 1.00, 3.20 
RESULT: PGM,4096,62.2744,1744,5008079426,BinarySearch
RESULT:   PGM,    8192,     0.05, 166.44,       282.84,      0.48,       0.18,          0.65,      50.63,        0.00,      55.00,             0.01,        5.64,              0.00,       0.00,             0.00, 1000000, 1.70, 1.00, 3.29 
RESULT: PGM,8192,50.0346,1008,5047399608,BinarySearch
RESULT: PGMCacheL (0, 0.000000, 0),      16,     0.06, 201.26,       221.40,      0.53,       0.18,          0.38,      62.17,        0.00,      67.76,             0.01,       26.53,              0.00,       0.00,             0.00, 1000000, 1.10, 1.00, 3.24 
RESULT: PGMCacheL (998518, 0.000000, 1000000),16,61.5844,11703072,7930359602,BinarySearch
RESULT: PGMCacheL (0, 0.000000, 0),       4,     0.06, 197.95,       221.23,      0.53,       0.18,          0.38,      62.83,        0.00,      67.79,             0.01,       26.53,              0.00,       0.00,             0.00, 1000000, 1.12, 1.00, 3.15 
RESULT: PGMCacheL (998518, 0.000000, 1000000),4,62.2499,70640544,10011282665,BinarySearch
RESULT: PGMCacheL (0, 0.000000, 0),       8,     0.06, 201.64,       221.07,      0.52,       0.18,          0.38,      62.92,        0.00,      68.05,             0.01,       26.62,              0.00,       0.00,             0.00, 1000000, 1.10, 1.00, 3.20 
RESULT: PGMCacheL (998518, 0.000000, 1000000),8,62.3254,29643440,8935244997,BinarySearch
RESULT: PGMCacheL (0, 0.000000, 0),      32,     0.06, 200.94,       221.02,      0.51,       0.18,          0.38,      59.57,        0.00,      68.06,             0.01,       26.60,              0.00,       0.00,             0.00, 1000000, 1.10, 1.00, 3.37 
RESULT: PGMCacheL (998518, 0.000000, 1000000),32,58.9753,4119040,7055992971,BinarySearch
RESULT: PGMCacheL (0, 0.000000, 0),      64,     0.06, 199.72,       221.33,      0.53,       0.19,          0.38,      63.04,        0.00,      67.87,             0.01,       26.55,              0.00,       0.00,             0.00, 1000000, 1.11, 1.00, 3.17 
RESULT: PGMCacheL (998518, 0.000000, 1000000),64,62.4615,1293024,6355418196,BinarySearch
RESULT: PGMCacheL (0, 0.000000, 0),     256,     0.06, 201.49,       221.87,      0.55,       0.18,          0.38,      62.41,        0.00,      67.69,             0.01,       26.48,              0.00,       0.00,             0.00, 1000000, 1.10, 1.00, 3.23 
RESULT: PGMCacheL (998518, 0.000000, 1000000),256,61.8355,97616,5412783610,BinarySearch
RESULT: PGMCacheL (0, 0.000000, 0),    1024,     0.06, 200.21,       217.68,      0.53,       0.18,          0.38,      58.84,        0.00,      68.58,             0.01,       26.71,              0.00,       0.00,             0.00, 1000000, 1.09, 1.00, 3.40 
RESULT: PGMCacheL (998518, 0.000000, 1000000),1024,58.3141,7456,5028514391,BinarySearch
RESULT: PGMCacheL (0, 0.000000, 0),    2048,     0.06, 199.98,       220.75,      0.53,       0.18,          0.38,      62.32,        0.00,      68.07,             0.01,       26.63,              0.00,       0.00,             0.00, 1000000, 1.10, 1.00, 3.21 
RESULT: PGMCacheL (998518, 0.000000, 1000000),2048,61.7279,3136,4991954034,BinarySearch
RESULT: PGMCacheL (0, 0.000000, 0),    4096,     0.06, 207.11,       223.82,      0.53,       0.18,          0.38,      61.30,        0.00,      67.62,             0.01,       26.51,              0.00,       0.00,             0.00, 1000000, 1.08, 1.00, 3.38 
RESULT: PGMCacheL (998518, 0.000000, 1000000),4096,60.704,1744,5007891130,BinarySearch
RESULT: PGMCacheL (0, 0.000000, 0),    8192,     0.06, 202.37,       221.98,      0.56,       0.19,          0.38,      62.66,        0.00,      67.71,             0.01,       26.47,              0.00,       0.00,             0.00, 1000000, 1.10, 1.00, 3.23 
RESULT: PGMCacheL (998518, 0.000000, 1000000),8192,62.0745,1008,5045256023,BinarySearch
RESULT: PGMCacheR (0, 0.000000, 0),      16,     0.06, 202.13,       220.94,      0.53,       0.19,          0.38,      64.07,        0.00,      67.89,             0.01,       26.50,              0.00,       0.00,             0.00, 1000000, 1.09, 1.00, 3.15 
RESULT: PGMCacheR (998518, 0.000000, 1000000),16,63.4802,11703072,7931001258,BinarySearch
RESULT: PGMCacheR (0, 0.000000, 0),       4,     0.06, 197.99,       221.07,      0.52,       0.18,          0.38,      62.69,        0.00,      67.85,             0.01,       26.52,              0.00,       0.00,             0.00, 1000000, 1.12, 1.00, 3.16 
RESULT: PGMCacheR (998518, 0.000000, 1000000),4,62.0985,70640544,10015534757,BinarySearch
RESULT: PGMCacheR (0, 0.000000, 0),       8,     0.06, 200.98,       221.11,      0.53,       0.18,          0.38,      62.23,        0.00,      67.89,             0.01,       26.53,              0.00,       0.00,             0.00, 1000000, 1.10, 1.00, 3.23 
RESULT: PGMCacheR (998518, 0.000000, 1000000),8,61.649,29643440,8933154412,BinarySearch
RESULT: PGMCacheR (0, 0.000000, 0),      32,     0.06, 198.72,       220.62,      0.53,       0.18,          0.38,      62.88,        0.00,      67.88,             0.01,       26.55,              0.00,       0.00,             0.00, 1000000, 1.11, 1.00, 3.16 
RESULT: PGMCacheR (998518, 0.000000, 1000000),32,62.2847,4119040,7056318905,BinarySearch
RESULT: PGMCacheR (0, 0.000000, 0),      64,     0.06, 200.94,       221.96,      0.53,       0.18,          0.38,      62.42,        0.00,      67.61,             0.01,       26.47,              0.00,       0.00,             0.00, 1000000, 1.10, 1.00, 3.22 
RESULT: PGMCacheR (998518, 0.000000, 1000000),64,61.817,1293024,6357542295,BinarySearch
RESULT: PGMCacheR (0, 0.000000, 0),     256,     0.06, 201.98,       221.81,      0.54,       0.18,          0.38,      62.55,        0.00,      67.69,             0.01,       26.48,              0.00,       0.00,             0.00, 1000000, 1.10, 1.00, 3.23 
RESULT: PGMCacheR (998518, 0.000000, 1000000),256,61.9505,97616,5412396266,BinarySearch
RESULT: PGMCacheR (0, 0.000000, 0),    1024,     0.06, 202.97,       222.01,      0.54,       0.18,          0.38,      62.81,        0.00,      67.67,             0.01,       26.49,              0.00,       0.00,             0.00, 1000000, 1.09, 1.00, 3.23 
RESULT: PGMCacheR (998518, 0.000000, 1000000),1024,62.2181,7456,5029158451,BinarySearch
RESULT: PGMCacheR (0, 0.000000, 0),    2048,     0.06, 199.82,       221.43,      0.54,       0.18,          0.38,      61.84,        0.00,      67.70,             0.01,       26.50,              0.00,       0.00,             0.00, 1000000, 1.11, 1.00, 3.23 
RESULT: PGMCacheR (998518, 0.000000, 1000000),2048,61.2379,3136,4991999296,BinarySearch
RESULT: PGMCacheR (0, 0.000000, 0),    4096,     0.06, 203.47,       222.53,      0.54,       0.18,          0.38,      61.58,        0.00,      67.54,             0.01,       26.46,              0.00,       0.00,             0.00, 1000000, 1.09, 1.00, 3.30 
RESULT: PGMCacheR (998518, 0.000000, 1000000),4096,61.0063,1744,5007511656,BinarySearch
RESULT: PGMCacheR (0, 0.000000, 0),    8192,     0.06, 202.52,       222.40,      0.56,       0.18,          0.38,      61.34,        0.00,      67.57,             0.01,       26.46,              0.00,       0.00,             0.00, 1000000, 1.10, 1.00, 3.30 
RESULT: PGMCacheR (998518, 0.000000, 1000000),8192,60.7644,1008,5044927576,BinarySearch
