Repeating lookup code 1 time(s).
Using 1 thread(s).
read 200000000 values from ./data/books_200M_uint32 in 396 ms (505.051 M values/s)
data contains duplicates
read 500000 values from ./data/books_200M_uint32_equality_lookups_zipf_500K_2 in 3 ms (166.667 M values/s)
index, variant, time sec, cycles, instructions, L1-misses, LLC-misses, branch-misses, task-clock, page-faults, DTLB-loads, DTLB-load-misses, DTLB-stores, DTLB-store-misses, ITLB_loads, ITLB_load-misses,  scale,  IPC, CPUs,  GHz 
RESULT:   PGM,      16,     0.04, 231.11,       242.08,      0.68,       0.39,          0.61,      75.02,        0.00,      58.87,             0.07,       10.02,              0.03,       0.01,             0.00, 500000, 1.05, 1.00, 3.08 
RESULT: PGM,16,66.8926,11703072,7961614511,BinarySearch
RESULT:   PGM,       4,     0.03, 199.58,       215.69,      0.66,       0.40,          0.46,      65.74,        0.00,      54.51,             0.01,        6.22,              0.01,       0.00,             0.00, 500000, 1.08, 1.00, 3.04 
RESULT: PGM,4,64.5721,70640544,10023652506,BinarySearch
RESULT:   PGM,       8,     0.03, 209.42,       226.29,      0.65,       0.39,          0.55,      66.43,        0.00,      56.03,             0.01,        6.23,              0.01,       0.01,             0.00, 500000, 1.08, 1.00, 3.15 
RESULT: PGM,8,65.2694,29643440,8947182672,BinarySearch
RESULT:   PGM,      32,     0.03, 221.23,       248.65,      0.65,       0.39,          0.65,      68.16,        0.00,      57.75,             0.01,        6.23,              0.01,       0.01,             0.00, 500000, 1.12, 1.00, 3.25 
RESULT: PGM,32,67.0014,4119040,7088619766,BinarySearch
RESULT:   PGM,      64,     0.04, 219.58,       257.15,      0.66,       0.39,          0.62,      71.62,        0.00,      58.55,             0.01,        6.27,              0.01,       0.01,             0.00, 500000, 1.17, 1.00, 3.07 
RESULT: PGM,64,70.4831,1293024,6358638274,BinarySearch
RESULT:   PGM,     256,     0.03, 193.08,       249.69,      0.67,       0.41,          0.64,      59.13,        0.00,      54.72,             0.01,        6.21,              0.01,       0.01,             0.00, 500000, 1.29, 1.00, 3.27 
RESULT: PGM,256,57.973,97616,5417162051,BinarySearch
RESULT:   PGM,    1024,     0.03, 200.79,       276.52,      0.67,       0.40,          0.70,      62.71,        0.00,      56.67,             0.01,        6.21,              0.01,       0.01,             0.00, 500000, 1.38, 1.00, 3.20 
RESULT: PGM,1024,61.545,7456,5033806857,BinarySearch
RESULT:   PGM,    2048,     0.03, 202.52,       288.14,      0.69,       0.39,          0.70,      66.56,        0.00,      57.27,             0.01,        6.23,              0.01,       0.01,             0.00, 500000, 1.42, 1.00, 3.04 
RESULT: PGM,2048,65.3868,3136,5002543609,BinarySearch
RESULT:   PGM,    4096,     0.03, 207.88,       301.59,      0.70,       0.39,          0.68,      65.79,        0.00,      57.42,             0.01,        6.21,              0.01,       0.01,             0.00, 500000, 1.45, 1.00, 3.16 
RESULT: PGM,4096,64.6192,1744,5016405460,BinarySearch
RESULT:   PGM,    8192,     0.03, 169.87,       278.95,      0.70,       0.42,          0.63,      55.05,        0.00,      54.71,             0.01,        6.21,              0.01,       0.00,             0.00, 500000, 1.64, 1.00, 3.09 
RESULT: PGM,8192,53.8772,1008,5053129916,BinarySearch
RESULT: PGMCacheL (0, 0.000000, 0),      16,     0.04, 249.44,       238.12,      0.71,       0.38,          0.29,      78.75,        0.00,      70.27,             0.01,       26.63,              0.01,       0.00,             0.00, 500000, 0.95, 1.00, 3.17 
RESULT: PGMCacheL (499044, 0.000000, 500000),16,77.5819,11703072,7942151486,BinarySearch
RESULT: PGMCacheL (0, 0.000000, 0),       4,     0.04, 248.20,       236.65,      0.71,       0.37,          0.30,      78.09,        0.00,      70.58,             0.01,       26.76,              0.01,       0.00,             0.00, 500000, 0.95, 1.00, 3.18 
RESULT: PGMCacheL (499044, 0.000000, 500000),4,76.9292,70640544,10010132662,BinarySearch
RESULT: PGMCacheL (0, 0.000000, 0),       8,     0.04, 252.18,       237.53,      0.70,       0.38,          0.29,      77.35,        0.00,      70.78,             0.01,       26.71,              0.01,       0.00,             0.00, 500000, 0.94, 1.00, 3.26 
RESULT: PGMCacheL (499044, 0.000000, 500000),8,76.1535,29643440,8960198599,BinarySearch
RESULT: PGMCacheL (0, 0.000000, 0),      32,     0.04, 250.12,       237.99,      0.71,       0.37,          0.29,      78.66,        0.00,      70.63,             0.01,       26.73,              0.01,       0.00,             0.00, 500000, 0.95, 1.00, 3.18 
RESULT: PGMCacheL (499044, 0.000000, 500000),32,77.524,4119040,7066512177,BinarySearch
RESULT: PGMCacheL (0, 0.000000, 0),      64,     0.04, 251.12,       237.27,      0.71,       0.37,          0.29,      80.05,        0.00,      70.72,             0.01,       26.53,              0.01,       0.00,             0.00, 500000, 0.94, 1.00, 3.14 
RESULT: PGMCacheL (499044, 0.000000, 500000),64,78.862,1293024,6365225956,BinarySearch
RESULT: PGMCacheL (0, 0.000000, 0),     256,     0.04, 251.76,       238.06,      0.72,       0.37,          0.29,      79.44,        0.00,      70.41,             0.01,       26.60,              0.01,       0.00,             0.00, 500000, 0.95, 1.00, 3.17 
RESULT: PGMCacheL (499044, 0.000000, 500000),256,78.3006,97616,5421283175,BinarySearch
RESULT: PGMCacheL (0, 0.000000, 0),    1024,     0.04, 251.48,       237.04,      0.72,       0.37,          0.29,      81.07,        0.00,      70.80,             0.01,       26.68,              0.01,       0.00,             0.00, 500000, 0.94, 1.00, 3.10 
RESULT: PGMCacheL (499044, 0.000000, 500000),1024,79.9065,7456,5037113923,BinarySearch
RESULT: PGMCacheL (0, 0.000000, 0),    2048,     0.04, 250.51,       236.98,      0.72,       0.38,          0.30,      77.00,        0.00,      70.97,             0.01,       26.94,              0.01,       0.00,             0.00, 500000, 0.95, 1.00, 3.25 
RESULT: PGMCacheL (499044, 0.000000, 500000),2048,75.8366,3136,4996422100,BinarySearch
RESULT: PGMCacheL (0, 0.000000, 0),    4096,     0.04, 252.37,       236.69,      0.72,       0.37,          0.30,      79.56,        0.00,      71.23,             0.01,       26.86,              0.01,       0.00,             0.00, 500000, 0.94, 1.00, 3.17 
RESULT: PGMCacheL (499044, 0.000000, 500000),4096,78.397,1744,5012599618,BinarySearch
RESULT: PGMCacheL (0, 0.000000, 0),    8192,     0.04, 251.69,       237.35,      0.72,       0.38,          0.31,      77.34,        0.00,      70.88,             0.01,       26.86,              0.01,       0.00,             0.00, 500000, 0.94, 1.00, 3.25 
RESULT: PGMCacheL (499044, 0.000000, 500000),8192,76.1848,1008,5051668581,BinarySearch
RESULT: PGMCacheR (0, 0.000000, 0),      16,     0.04, 250.30,       239.24,      0.71,       0.37,          0.29,      77.25,        0.00,      70.12,             0.01,       26.66,              0.01,       0.00,             0.00, 500000, 0.96, 1.00, 3.24 
RESULT: PGMCacheR (499044, 0.000000, 500000),16,76.1043,11703072,7941929622,BinarySearch
RESULT: PGMCacheR (0, 0.000000, 0),       4,     0.04, 250.15,       237.59,      0.70,       0.38,          0.30,      76.97,        0.00,      70.88,             0.01,       26.91,              0.01,       0.00,             0.00, 500000, 0.95, 1.00, 3.25 
RESULT: PGMCacheR (499044, 0.000000, 500000),4,75.8006,70640544,10008104331,BinarySearch
RESULT: PGMCacheR (0, 0.000000, 0),       8,     0.04, 250.37,       237.84,      0.71,       0.37,          0.29,      79.11,        0.00,      70.43,             0.01,       26.61,              0.01,       0.00,             0.00, 500000, 0.95, 1.00, 3.16 
RESULT: PGMCacheR (499044, 0.000000, 500000),8,77.9332,29643440,8954411119,BinarySearch
RESULT: PGMCacheR (0, 0.000000, 0),      32,     0.04, 249.38,       236.23,      0.70,       0.37,          0.30,      78.64,        0.00,      71.34,             0.01,       26.97,              0.01,       0.00,             0.00, 500000, 0.95, 1.00, 3.17 
RESULT: PGMCacheR (499044, 0.000000, 500000),32,77.4692,4119040,7064872847,BinarySearch
RESULT: PGMCacheR (0, 0.000000, 0),      64,     0.04, 252.06,       237.65,      0.71,       0.37,          0.29,      79.28,        0.00,      70.53,             0.01,       26.58,              0.01,       0.00,             0.00, 500000, 0.94, 1.00, 3.18 
RESULT: PGMCacheR (499044, 0.000000, 500000),64,78.1029,1293024,6372030433,BinarySearch
RESULT: PGMCacheR (0, 0.000000, 0),     256,     0.04, 252.50,       239.07,      0.72,       0.38,          0.30,      78.06,        0.00,      69.98,             0.01,       26.56,              0.01,       0.00,             0.00, 500000, 0.95, 1.00, 3.23 
RESULT: PGMCacheR (499044, 0.000000, 500000),256,76.9069,97616,5417725171,BinarySearch
RESULT: PGMCacheR (0, 0.000000, 0),    1024,     0.04, 251.83,       237.42,      0.72,       0.37,          0.29,      80.66,        0.00,      70.84,             0.01,       26.55,              0.01,       0.00,             0.00, 500000, 0.94, 1.00, 3.12 
RESULT: PGMCacheR (499044, 0.000000, 500000),1024,79.497,7456,5033797105,BinarySearch
RESULT: PGMCacheR (0, 0.000000, 0),    2048,     0.04, 251.99,       238.65,      0.73,       0.38,          0.29,      78.40,        0.00,      70.15,             0.01,       26.55,              0.01,       0.00,             0.00, 500000, 0.95, 1.00, 3.21 
RESULT: PGMCacheR (499044, 0.000000, 500000),2048,77.2332,3136,5002246207,BinarySearch
RESULT: PGMCacheR (0, 0.000000, 0),    4096,     0.04, 254.34,       237.47,      0.71,       0.38,          0.30,      76.25,        0.00,      70.70,             0.01,       26.89,              0.01,       0.00,             0.00, 500000, 0.93, 1.00, 3.34 
RESULT: PGMCacheR (499044, 0.000000, 500000),4096,75.1145,1744,5016108262,BinarySearch
RESULT: PGMCacheR (0, 0.000000, 0),    8192,     0.04, 251.52,       235.63,      0.73,       0.38,          0.30,      79.56,        0.00,      71.64,             0.01,       26.91,              0.01,       0.00,             0.00, 500000, 0.94, 1.00, 3.16 
RESULT: PGMCacheR (499044, 0.000000, 500000),8192,78.3806,1008,5050426827,BinarySearch
