Repeating lookup code 1 time(s).
Using 1 thread(s).
read 200000000 values from ./data/fb_200M_uint64 in 776 ms (257.732 M values/s)
data is unique
read 500000 values from ./data/fb_200M_uint64_equality_lookups_zipf_500K_1 in 3 ms (166.667 M values/s)
index, variant, time sec, cycles, instructions, L1-misses, LLC-misses, branch-misses, task-clock, page-faults, DTLB-loads, DTLB-load-misses, DTLB-stores, DTLB-store-misses, ITLB_loads, ITLB_load-misses,  scale,  IPC, CPUs,  GHz 
RESULT:   PGM,      16,     0.04, 226.25,       233.73,      0.71,       0.40,          0.98,      71.72,        0.00,      58.08,             0.01,        6.32,              0.01,       0.01,             0.00, 500000, 1.03, 1.00, 3.15 
RESULT: PGM,16,70.4995,43774340,11270377417,BinarySearch
RESULT:   PGM,       4,     0.05, 292.60,       271.54,      0.69,       0.37,          1.07,      91.95,        0.00,      69.02,             0.01,        6.34,              0.01,       0.01,             0.00, 500000, 0.93, 1.00, 3.18 
RESULT: PGM,4,90.767,173185840,12784273289,BinarySearch
RESULT:   PGM,       8,     0.04, 259.86,       253.73,      0.69,       0.38,          1.00,      80.95,        0.00,      63.85,             0.01,        6.37,              0.01,       0.01,             0.00, 500000, 0.98, 1.00, 3.21 
RESULT: PGM,8,79.7603,87810600,12014494596,BinarySearch
RESULT:   PGM,      32,     0.04, 232.93,       249.02,      0.72,       0.39,          1.05,      75.52,        0.00,      59.06,             0.01,        6.31,              0.01,       0.01,             0.00, 500000, 1.07, 1.00, 3.08 
RESULT: PGM,32,74.3335,21637000,10602759923,BinarySearch
RESULT:   PGM,      64,     0.04, 269.78,       282.92,      0.73,       0.38,          1.04,      84.32,        0.00,      65.77,             0.01,        6.35,              0.01,       0.02,             0.00, 500000, 1.05, 1.00, 3.20 
RESULT: PGM,64,83.1477,10639720,10172575503,BinarySearch
RESULT:   PGM,     256,     0.04, 239.18,       276.12,      0.76,       0.39,          1.08,      75.57,        0.00,      61.93,             0.01,        6.34,              0.01,       0.07,             0.00, 500000, 1.15, 1.00, 3.17 
RESULT: PGM,256,74.4276,2413440,9416858347,BinarySearch
RESULT:   PGM,    1024,     0.03, 209.01,       271.71,      0.81,       0.41,          1.05,      68.24,        0.00,      56.84,             0.01,        6.21,              0.01,       0.02,             0.00, 500000, 1.30, 1.00, 3.06 
RESULT: PGM,1024,67.0736,371240,8173173373,BinarySearch
RESULT:   PGM,    2048,     0.04, 246.08,       310.96,      0.80,       0.40,          1.03,      78.79,        0.00,      64.74,             0.01,        6.36,              0.01,       0.00,             0.00, 500000, 1.26, 1.00, 3.12 
RESULT: PGM,2048,77.6286,118300,7437497897,BinarySearch
RESULT:   PGM,    4096,     0.03, 208.74,       283.85,      0.83,       0.43,          1.03,      67.28,        0.00,      54.75,             0.01,        5.23,              0.01,       0.01,             0.00, 500000, 1.36, 1.00, 3.10 
RESULT: PGM,4096,66.0838,34000,6807050521,BinarySearch
RESULT:   PGM,    8192,     0.04, 221.68,       309.70,      0.88,       0.43,          1.14,      70.48,        0.00,      60.10,             0.01,        6.25,              0.01,       0.05,             0.00, 500000, 1.40, 1.00, 3.15 
RESULT: PGM,8192,69.342,9480,6337268262,BinarySearch
RESULT: PGMCacheL (0, 0.000000, 0),      16,     0.04, 258.06,       202.51,      0.91,       0.38,          0.66,      82.52,        0.00,      63.04,             0.04,       18.33,              0.01,       0.00,             0.00, 500000, 0.78, 1.00, 3.13 
RESULT: PGMCacheL (480573, 0.000000, 500000),16,81.362,43774340,11333731648,BinarySearch
RESULT: PGMCacheL (0, 0.000000, 0),       4,     0.04, 266.21,       208.62,      0.91,       0.39,          0.68,      77.39,        0.00,      64.15,             0.04,       18.35,              0.01,       0.00,             0.00, 500000, 0.78, 1.00, 3.44 
RESULT: PGMCacheL (480573, 0.000000, 500000),4,76.3599,173185840,12942909214,BinarySearch
RESULT: PGMCacheL (0, 0.000000, 0),       8,     0.04, 261.33,       204.32,      0.89,       0.38,          0.65,      80.96,        0.00,      62.86,             0.04,       18.20,              0.01,       0.00,             0.00, 500000, 0.78, 1.00, 3.23 
RESULT: PGMCacheL (480573, 0.000000, 500000),8,79.7983,87810600,12020931390,BinarySearch
RESULT: PGMCacheL (0, 0.000000, 0),      32,     0.04, 259.73,       203.86,      0.93,       0.38,          0.67,      81.38,        0.00,      62.93,             0.04,       18.20,              0.01,       0.00,             0.00, 500000, 0.78, 1.00, 3.19 
RESULT: PGMCacheL (480573, 0.000000, 500000),32,80.2284,21637000,10583257018,BinarySearch
RESULT: PGMCacheL (0, 0.000000, 0),      64,     0.04, 259.80,       203.49,      0.92,       0.38,          0.68,      81.76,        0.00,      63.66,             0.04,       18.44,              0.01,       0.00,             0.00, 500000, 0.78, 1.00, 3.18 
RESULT: PGMCacheL (480573, 0.000000, 500000),64,80.6065,10639720,10223147693,BinarySearch
RESULT: PGMCacheL (0, 0.000000, 0),     256,     0.04, 260.49,       204.77,      1.00,       0.39,          0.67,      81.92,        0.00,      62.89,             0.04,       18.32,              0.01,       0.00,             0.00, 500000, 0.79, 1.00, 3.18 
RESULT: PGMCacheL (480573, 0.000000, 500000),256,80.8165,2413440,9452275674,BinarySearch
RESULT: PGMCacheL (0, 0.000000, 0),    1024,     0.04, 259.18,       204.02,      1.02,       0.39,          0.67,      81.91,        0.00,      62.60,             0.04,       18.26,              0.01,       0.00,             0.00, 500000, 0.79, 1.00, 3.16 
RESULT: PGMCacheL (480573, 0.000000, 500000),1024,80.7388,371240,8215474020,BinarySearch
RESULT: PGMCacheL (0, 0.000000, 0),    2048,     0.04, 261.30,       204.39,      1.03,       0.41,          0.69,      82.45,        0.00,      63.52,             0.04,       18.55,              0.01,       0.00,             0.00, 500000, 0.78, 1.00, 3.17 
RESULT: PGMCacheL (480573, 0.000000, 500000),2048,81.2635,118300,7469392708,BinarySearch
RESULT: PGMCacheL (0, 0.000000, 0),    4096,     0.04, 261.93,       205.27,      1.06,       0.41,          0.69,      78.40,        0.00,      63.14,             0.04,       18.22,              0.01,       0.00,             0.00, 500000, 0.78, 1.00, 3.34 
RESULT: PGMCacheL (480573, 0.000000, 500000),4096,77.2494,34000,6852115873,BinarySearch
RESULT: PGMCacheL (0, 0.000000, 0),    8192,     0.04, 263.00,       205.84,      1.10,       0.41,          0.68,      83.55,        0.00,      63.04,             0.05,       18.35,              0.01,       0.00,             0.00, 500000, 0.78, 1.00, 3.15 
RESULT: PGMCacheL (480573, 0.000000, 500000),8192,82.3624,9480,6377382213,BinarySearch
RESULT: PGMCacheR (0, 0.000000, 0),      16,     0.04, 257.99,       201.72,      0.89,       0.38,          0.66,      81.08,        0.00,      63.45,             0.04,       18.39,              0.01,       0.00,             0.00, 500000, 0.78, 1.00, 3.18 
RESULT: PGMCacheR (480573, 0.000000, 500000),16,79.8905,43774340,11359562594,BinarySearch
RESULT: PGMCacheR (0, 0.000000, 0),       4,     0.04, 259.79,       204.37,      0.90,       0.38,          0.67,      83.20,        0.00,      63.54,             0.04,       18.46,              0.01,       0.00,             0.00, 500000, 0.79, 1.00, 3.12 
RESULT: PGMCacheR (480573, 0.000000, 500000),4,82.0307,173185840,12981292170,BinarySearch
RESULT: PGMCacheR (0, 0.000000, 0),       8,     0.04, 262.37,       203.94,      0.89,       0.38,          0.66,      78.58,        0.00,      63.41,             0.04,       18.25,              0.01,       0.00,             0.00, 500000, 0.78, 1.00, 3.34 
RESULT: PGMCacheR (480573, 0.000000, 500000),8,77.398,87810600,12054765575,BinarySearch
RESULT: PGMCacheR (0, 0.000000, 0),      32,     0.04, 260.21,       205.44,      0.94,       0.38,          0.66,      79.71,        0.00,      62.93,             0.04,       18.21,              0.01,       0.00,             0.00, 500000, 0.79, 1.00, 3.26 
RESULT: PGMCacheR (480573, 0.000000, 500000),32,78.5862,21637000,10606053238,BinarySearch
RESULT: PGMCacheR (0, 0.000000, 0),      64,     0.04, 262.57,       203.92,      0.93,       0.38,          0.67,      80.81,        0.00,      63.41,             0.04,       18.34,              0.01,       0.00,             0.00, 500000, 0.78, 1.00, 3.25 
RESULT: PGMCacheR (480573, 0.000000, 500000),64,79.5883,10639720,10223944503,BinarySearch
RESULT: PGMCacheR (0, 0.000000, 0),     256,     0.04, 259.14,       204.55,      0.99,       0.38,          0.67,      82.02,        0.00,      62.92,             0.04,       18.30,              0.01,       0.00,             0.00, 500000, 0.79, 1.00, 3.16 
RESULT: PGMCacheR (480573, 0.000000, 500000),256,80.8838,2413440,9484388966,BinarySearch
RESULT: PGMCacheR (0, 0.000000, 0),    1024,     0.04, 257.01,       203.75,      1.05,       0.39,          0.67,      82.68,        0.00,      62.88,             0.04,       18.36,              0.01,       0.00,             0.00, 500000, 0.79, 1.00, 3.11 
RESULT: PGMCacheR (480573, 0.000000, 500000),1024,81.4965,371240,8222615739,BinarySearch
RESULT: PGMCacheR (0, 0.000000, 0),    2048,     0.04, 260.60,       206.55,      1.04,       0.40,          0.68,      81.68,        0.00,      63.05,             0.04,       18.32,              0.01,       0.00,             0.00, 500000, 0.79, 1.00, 3.19 
RESULT: PGMCacheR (480573, 0.000000, 500000),2048,80.5104,118300,7476547974,BinarySearch
RESULT: PGMCacheR (0, 0.000000, 0),    4096,     0.04, 261.59,       205.39,      1.08,       0.41,          0.67,      81.51,        0.00,      62.44,             0.04,       18.18,              0.01,       0.00,             0.00, 500000, 0.79, 1.00, 3.21 
RESULT: PGMCacheR (480573, 0.000000, 500000),4096,80.342,34000,6843558988,BinarySearch
RESULT: PGMCacheR (0, 0.000000, 0),    8192,     0.04, 258.52,       205.51,      1.10,       0.41,          0.68,      83.13,        0.00,      63.02,             0.05,       18.40,              0.01,       0.00,             0.00, 500000, 0.79, 1.00, 3.11 
RESULT: PGMCacheR (480573, 0.000000, 500000),8192,81.9707,9480,6374472727,BinarySearch
