Repeating lookup code 1 time(s).
Using 1 thread(s).
read 200000000 values from ./data/fb_200M_uint64 in 767 ms (260.756 M values/s)
data is unique
read 1000 values from ./data/fb_200M_uint64_equality_lookups_zipf_1K_1 in 8 ms (0.125 M values/s)
index, variant, time sec,  cycles, instructions, L1-misses, LLC-misses, branch-misses, task-clock, page-faults, DTLB-loads, DTLB-load-misses, DTLB-stores, DTLB-store-misses, ITLB_loads, ITLB_load-misses, scale,  IPC, CPUs,  GHz 
RESULT:   PGM,      16,     0.00, 2178.15,       410.72,    147.03,     146.54,          4.99,     865.67,        0.01,     112.45,             1.04,      613.15,              2.72,       -nan,             -nan,  1000, 0.19, 1.12, 2.52 
RESULT: PGM,16,282.233,43774340,11256000390,BinarySearch
RESULT:   PGM,       4,     0.00, 2034.89,       377.51,    145.31,     145.36,          4.00,     813.05,        0.00,     102.91,             0.74,      600.42,              2.66,       -nan,             -nan,  1000, 0.19, 1.13, 2.50 
RESULT: PGM,4,253.316,173185840,12765317874,BinarySearch
RESULT:   PGM,       8,     0.00, 1875.81,       356.33,    145.07,     144.86,          3.72,     812.76,        0.00,      96.41,             0.69,      600.04,              2.63,       -nan,             -nan,  1000, 0.19, 1.14, 2.31 
RESULT: PGM,8,240.812,87810600,11998156522,BinarySearch
RESULT:   PGM,      32,     0.00, 1871.34,       350.75,    145.11,     145.12,          3.97,     811.74,        0.00,      92.12,             0.68,      600.12,              2.63,       -nan,             -nan,  1000, 0.19, 1.14, 2.31 
RESULT: PGM,32,233.417,21637000,10629406053,BinarySearch
RESULT:   PGM,      64,     0.00, 1902.93,       383.79,    145.18,     145.12,          4.01,     824.88,        0.00,      98.88,             0.69,      600.36,              2.61,       -nan,             -nan,  1000, 0.20, 1.14, 2.31 
RESULT: PGM,64,250.973,10639720,10156194972,BinarySearch
RESULT:   PGM,     256,     0.00, 4011.02,      1408.41,    150.33,     147.11,          5.09,    1669.92,        0.49,     404.76,             7.32,      952.65,              6.31,       -nan,             -nan,  1000, 0.35, 1.06, 2.40 
RESULT: PGM,256,241.042,2413440,9422895933,BinarySearch
RESULT:   PGM,    1024,     0.00, 1867.58,       373.10,    145.51,     145.31,          4.13,     810.50,        0.00,      90.50,             0.73,      600.25,              2.71,       -nan,             -nan,  1000, 0.20, 1.14, 2.30 
RESULT: PGM,1024,230.425,371240,8165952992,BinarySearch
RESULT:   PGM,    2048,     0.00, 1950.58,       409.79,    145.59,     145.43,          4.10,     844.24,        0.00,      97.46,             0.75,      600.23,              2.65,       -nan,             -nan,  1000, 0.21, 1.13, 2.31 
RESULT: PGM,2048,246.478,118300,7425912394,BinarySearch
RESULT:   PGM,    4096,     0.00, 1893.78,       384.37,    145.53,     145.20,          4.14,     821.86,        0.00,      88.57,             0.75,      599.29,              2.63,       -nan,             -nan,  1000, 0.20, 1.14, 2.30 
RESULT: PGM,4096,229.384,34000,6797158049,BinarySearch
RESULT:   PGM,    8192,     0.00, 1916.43,       409.04,    145.73,     145.53,          4.08,     830.38,        0.00,      93.78,             0.76,      600.29,              2.62,       -nan,             -nan,  1000, 0.21, 1.14, 2.31 
RESULT: PGM,8192,233.074,9480,6331249182,BinarySearch
RESULT: PGMCacheL (0, 0.000000, 0),      16,     0.00, 1956.00,       356.87,    145.98,     145.54,          3.96,     880.60,        0.01,     106.07,             0.93,      621.90,              2.69,       -nan,             -nan,  1000, 0.18, 1.13, 2.22 
RESULT: PGMCacheL (877, 0.000000, 1000),16,271.321,43774340,11335393840,BinarySearch
RESULT: PGMCacheL (0, 0.000000, 0),       4,     0.00, 1956.90,       334.81,    145.40,     145.28,          3.94,     847.36,        0.00,     101.00,             0.89,      617.54,              2.64,       -nan,             -nan,  1000, 0.17, 1.13, 2.31 
RESULT: PGMCacheL (877, 0.000000, 1000),4,252.185,173185840,12924522287,BinarySearch
RESULT: PGMCacheL (0, 0.000000, 0),       8,     0.00, 1993.12,       328.29,    145.26,     144.99,          3.79,     828.93,        0.00,      98.71,             0.86,      616.95,              2.65,       -nan,             -nan,  1000, 0.16, 1.13, 2.40 
RESULT: PGMCacheL (877, 0.000000, 1000),8,243.277,87810600,11996048573,BinarySearch
RESULT: PGMCacheL (0, 0.000000, 0),      32,     0.00, 1931.62,       324.51,    145.40,     145.20,          3.85,     837.21,        0.00,      97.63,             0.85,      616.66,              2.63,       -nan,             -nan,  1000, 0.17, 1.14, 2.31 
RESULT: PGMCacheL (877, 0.000000, 1000),32,239.892,21637000,10570781274,BinarySearch
RESULT: PGMCacheL (0, 0.000000, 0),      64,     0.00, 2032.35,       333.93,    145.88,     145.64,          4.05,     842.98,        0.00,      99.92,             0.88,      618.03,              2.70,       -nan,             -nan,  1000, 0.16, 1.13, 2.41 
RESULT: PGMCacheL (877, 0.000000, 1000),64,252.802,10639720,10213559341,BinarySearch
RESULT: PGMCacheL (0, 0.000000, 0),     256,     0.00, 4225.81,      1460.98,    151.38,     147.40,          5.04,    1757.10,        0.54,     439.14,             8.13,     1004.17,              6.70,       -nan,             -nan,  1000, 0.35, 1.06, 2.40 
RESULT: PGMCacheL (877, 0.000000, 1000),256,255.029,2413440,9460319165,BinarySearch
RESULT: PGMCacheL (0, 0.000000, 0),    1024,     0.00, 1938.66,       326.76,    145.88,     145.49,          3.87,     839.38,        0.00,      97.32,             0.88,      616.76,              2.70,       -nan,             -nan,  1000, 0.17, 1.13, 2.31 
RESULT: PGMCacheL (877, 0.000000, 1000),1024,243.902,371240,8197152778,BinarySearch
RESULT: PGMCacheL (0, 0.000000, 0),    2048,     0.00, 1918.33,       330.39,    145.94,     145.47,          3.94,     829.62,        0.00,      97.92,             0.90,      616.46,              2.63,       -nan,             -nan,  1000, 0.17, 1.13, 2.31 
RESULT: PGMCacheL (877, 0.000000, 1000),2048,242.348,118300,7460439383,BinarySearch
RESULT: PGMCacheL (0, 0.000000, 0),    4096,     0.00, 1951.75,       343.85,    146.18,     145.75,          4.00,     844.83,        0.00,     100.14,             0.91,      618.86,              2.64,       -nan,             -nan,  1000, 0.18, 1.13, 2.31 
RESULT: PGMCacheL (877, 0.000000, 1000),4096,251.917,34000,6834979561,BinarySearch
RESULT: PGMCacheL (0, 0.000000, 0),    8192,     0.00, 1950.69,       331.44,    146.04,     145.67,          3.94,     843.99,        0.00,      97.72,             0.92,      616.75,              2.63,       -nan,             -nan,  1000, 0.17, 1.13, 2.31 
RESULT: PGMCacheL (877, 0.000000, 1000),8192,248.776,9480,6366032256,BinarySearch
RESULT: PGMCacheR (0, 0.000000, 0),      16,     0.00, 10597.59,      4981.44,    163.66,     149.28,          7.39,    4319.00,        2.17,    1493.31,            25.97,     2192.95,             16.97,       0.34,             -nan,  1000, 0.47, 1.02, 2.45 
RESULT: PGMCacheR (877, 0.000000, 1000),16,248.443,43774340,11318635124,BinarySearch
RESULT: PGMCacheR (0, 0.000000, 0),       4,     0.00, 1880.12,       328.95,    145.27,     144.93,          3.84,     849.73,        0.00,      99.09,             0.87,      616.67,              2.63,       -nan,             -nan,  1000, 0.17, 1.14, 2.21 
RESULT: PGMCacheR (877, 0.000000, 1000),4,245.302,173185840,12921301828,BinarySearch
RESULT: PGMCacheR (0, 0.000000, 0),       8,     0.00, 1947.37,       325.85,    145.29,     145.16,          3.78,     842.39,        0.00,      98.34,             0.86,      616.74,              2.64,       -nan,             -nan,  1000, 0.17, 1.13, 2.31 
RESULT: PGMCacheR (877, 0.000000, 1000),8,240.194,87810600,11994821185,BinarySearch
RESULT: PGMCacheR (0, 0.000000, 0),      32,     0.00, 1991.39,       324.00,    145.41,     145.11,          3.89,     828.41,        0.00,      97.52,             0.87,      616.57,              2.65,       -nan,             -nan,  1000, 0.16, 1.13, 2.40 
RESULT: PGMCacheR (877, 0.000000, 1000),32,235.394,21637000,10604109319,BinarySearch
RESULT: PGMCacheR (0, 0.000000, 0),      64,     0.00, 1976.29,       335.46,    145.63,     145.51,          4.09,     855.36,        0.00,     100.56,             0.90,      617.76,              2.63,       -nan,             -nan,  1000, 0.17, 1.13, 2.31 
RESULT: PGMCacheR (877, 0.000000, 1000),64,254.117,10639720,10216250571,BinarySearch
RESULT: PGMCacheR (0, 0.000000, 0),     256,     0.00, 4204.70,      1461.37,    151.17,     147.44,          4.93,    1748.55,        0.54,     439.20,             8.13,     1004.21,              6.70,       -nan,             -nan,  1000, 0.35, 1.06, 2.40 
RESULT: PGMCacheR (877, 0.000000, 1000),256,250.218,2413440,9460526850,BinarySearch
RESULT: PGMCacheR (0, 0.000000, 0),    1024,     0.00, 1933.45,       327.33,    145.87,     145.43,          3.98,     836.53,        0.00,      97.38,             0.89,      616.76,              2.72,       -nan,             -nan,  1000, 0.17, 1.14, 2.31 
RESULT: PGMCacheR (877, 0.000000, 1000),1024,243.478,371240,8200726773,BinarySearch
RESULT: PGMCacheR (0, 0.000000, 0),    2048,     0.00, 1918.93,       329.56,    145.89,     145.44,          3.92,     832.05,        0.00,      97.83,             0.91,      616.45,              2.62,       -nan,             -nan,  1000, 0.17, 1.14, 2.31 
RESULT: PGMCacheR (877, 0.000000, 1000),2048,242.244,118300,7459993922,BinarySearch
RESULT: PGMCacheR (0, 0.000000, 0),    4096,     0.00, 1932.97,       330.33,    145.92,     145.51,          3.96,     838.80,        0.00,      97.70,             0.93,      616.88,              2.62,       -nan,             -nan,  1000, 0.17, 1.14, 2.30 
RESULT: PGMCacheR (877, 0.000000, 1000),4096,242.108,34000,6835915816,BinarySearch
RESULT: PGMCacheR (0, 0.000000, 0),    8192,     0.00, 2032.73,       329.47,    146.09,     145.77,          3.93,     813.25,        0.00,      97.39,             0.93,      616.51,              2.65,       -nan,             -nan,  1000, 0.16, 1.13, 2.50 
RESULT: PGMCacheR (877, 0.000000, 1000),8192,233.133,9480,6367825433,BinarySearch
