Repeating lookup code 1 time(s).
Using 1 thread(s).
read 200000000 values from ./data/fb_200M_uint64 in 767 ms (260.756 M values/s)
data is unique
read 1000 values from ./data/fb_200M_uint64_equality_lookups_zipf_1K_2 in 0 ms (inf M values/s)
index, variant, time sec,  cycles, instructions, L1-misses, LLC-misses, branch-misses, task-clock, page-faults, DTLB-loads, DTLB-load-misses, DTLB-stores, DTLB-store-misses, ITLB_loads, ITLB_load-misses, scale,  IPC, CPUs,  GHz 
RESULT:   PGM,      16,     0.00, 2099.58,       421.31,    146.87,     146.51,          4.18,     904.38,        0.01,     113.52,             1.04,      613.67,              2.67,       -nan,             -nan,  1000, 0.20, 1.12, 2.32 
RESULT: PGM,16,292.269,43774340,11261165975,BinarySearch
RESULT:   PGM,       4,     0.00, 1923.37,       376.42,    145.13,     145.14,          3.24,     832.55,        0.00,     102.95,             0.72,      600.88,              2.62,       -nan,             -nan,  1000, 0.20, 1.13, 2.31 
RESULT: PGM,4,252.622,173185840,12787455142,BinarySearch
RESULT:   PGM,       8,     0.00, 1867.45,       357.11,    144.92,     144.81,          3.15,     812.00,        0.00,      96.77,             0.68,      600.60,              2.60,       -nan,             -nan,  1000, 0.19, 1.14, 2.30 
RESULT: PGM,8,231.171,87810600,11980938614,BinarySearch
RESULT:   PGM,      32,     0.00, 1874.59,       353.24,    144.94,     144.95,          3.23,     781.41,        0.00,      92.70,             0.69,      600.45,              2.64,       -nan,             -nan,  1000, 0.19, 1.14, 2.40 
RESULT: PGM,32,216.688,21637000,10602562019,BinarySearch
RESULT:   PGM,      64,     0.00, 1855.91,       385.67,    144.94,     144.78,          3.16,     804.76,        0.00,      99.29,             0.68,      600.51,              2.60,       -nan,             -nan,  1000, 0.21, 1.14, 2.31 
RESULT: PGM,64,233.604,10639720,10161285082,BinarySearch
RESULT:   PGM,     256,     0.00, 3950.22,      1416.54,    149.92,     146.64,          4.13,    1646.40,        0.49,     406.50,             7.28,      953.21,              6.35,       -nan,             -nan,  1000, 0.36, 1.06, 2.40 
RESULT: PGM,256,224.779,2413440,9418463818,BinarySearch
RESULT:   PGM,    1024,     0.00, 1815.78,       378.78,    144.99,     144.88,          3.23,     789.25,        0.00,      91.48,             0.68,      600.72,              2.62,       -nan,             -nan,  1000, 0.21, 1.14, 2.30 
RESULT: PGM,1024,212.343,371240,8162236681,BinarySearch
RESULT:   PGM,    2048,     0.00, 1893.11,       414.13,    144.95,     144.75,          3.23,     821.89,        0.00,      98.22,             0.68,      600.50,              2.69,       -nan,             -nan,  1000, 0.22, 1.14, 2.30 
RESULT: PGM,2048,226.415,118300,7424334973,BinarySearch
RESULT:   PGM,    4096,     0.00, 1855.96,       387.54,    144.96,     144.77,          3.20,     806.93,        0.00,      89.08,             0.69,      599.39,              2.63,       -nan,             -nan,  1000, 0.21, 1.14, 2.30 
RESULT: PGM,4096,212.61,34000,6797254666,BinarySearch
RESULT:   PGM,    8192,     0.00, 1852.84,       411.67,    145.02,     144.88,          3.12,     804.05,        0.00,      94.31,             0.71,      600.44,              2.62,       -nan,             -nan,  1000, 0.22, 1.14, 2.30 
RESULT: PGM,8192,214.089,9480,6329859633,BinarySearch
RESULT: PGMCacheL (0, 0.000000, 0),      16,     0.00, 1938.67,       328.92,    145.49,     145.16,          3.27,     839.10,        0.00,     100.09,             0.83,      617.62,              2.68,       -nan,             -nan,  1000, 0.17, 1.13, 2.31 
RESULT: PGMCacheL (946, 0.000000, 1000),16,248.584,43774340,11309516047,BinarySearch
RESULT: PGMCacheL (0, 0.000000, 0),       4,     0.00, 1904.94,       305.24,    145.17,     144.75,          3.20,     826.20,        0.00,      94.40,             0.79,      613.49,              2.63,       -nan,             -nan,  1000, 0.16, 1.14, 2.31 
RESULT: PGMCacheL (946, 0.000000, 1000),4,230.842,173185840,12921026347,BinarySearch
RESULT: PGMCacheL (0, 0.000000, 0),       8,     0.00, 1855.52,       297.55,    145.02,     144.86,          3.01,     839.77,        0.00,      92.09,             0.76,      612.59,              2.62,       -nan,             -nan,  1000, 0.16, 1.14, 2.21 
RESULT: PGMCacheL (946, 0.000000, 1000),8,232.593,87810600,12069340211,BinarySearch
RESULT: PGMCacheL (0, 0.000000, 0),      32,     0.00, 1864.20,       296.80,    145.05,     144.69,          3.06,     808.84,        0.00,      91.71,             0.74,      612.42,              2.64,       -nan,             -nan,  1000, 0.16, 1.14, 2.30 
RESULT: PGMCacheL (946, 0.000000, 1000),32,218.841,21637000,10563498275,BinarySearch
RESULT: PGMCacheL (0, 0.000000, 0),      64,     0.00, 1900.75,       300.61,    145.07,     144.93,          3.13,     824.82,        0.00,      92.49,             0.76,      612.86,              2.63,       -nan,             -nan,  1000, 0.16, 1.14, 2.30 
RESULT: PGMCacheL (946, 0.000000, 1000),64,229.117,10639720,10213904367,BinarySearch
RESULT: PGMCacheL (0, 0.000000, 0),     256,     0.00, 4184.03,      1436.55,    150.69,     147.00,          4.13,    1739.89,        0.54,     434.42,             8.03,     1000.37,              6.71,       -nan,             -nan,  1000, 0.34, 1.06, 2.40 
RESULT: PGMCacheL (946, 0.000000, 1000),256,233.153,2413440,9460606135,BinarySearch
RESULT: PGMCacheL (0, 0.000000, 0),    1024,     0.00, 1911.78,       302.43,    145.40,     145.26,          3.24,     828.26,        0.00,      92.95,             0.79,      613.72,              2.67,       -nan,             -nan,  1000, 0.16, 1.14, 2.31 
RESULT: PGMCacheL (946, 0.000000, 1000),1024,238.019,371240,8199340444,BinarySearch
RESULT: PGMCacheL (0, 0.000000, 0),    2048,     0.00, 1895.56,       299.53,    145.07,     144.97,          3.12,     822.36,        0.00,      91.97,             0.76,      612.49,              2.63,       -nan,             -nan,  1000, 0.16, 1.14, 2.31 
RESULT: PGMCacheL (946, 0.000000, 1000),2048,227.344,118300,7459720231,BinarySearch
RESULT: PGMCacheL (0, 0.000000, 0),    4096,     0.00, 1911.45,       314.49,    145.32,     145.00,          3.28,     827.49,        0.00,      94.83,             0.82,      614.87,              2.63,       -nan,             -nan,  1000, 0.16, 1.14, 2.31 
RESULT: PGMCacheL (946, 0.000000, 1000),4096,234.653,34000,6835764050,BinarySearch
RESULT: PGMCacheL (0, 0.000000, 0),    8192,     0.00, 1897.34,       299.61,    145.17,     144.97,          3.09,     822.92,        0.00,      91.72,             0.76,      612.44,              2.64,       -nan,             -nan,  1000, 0.16, 1.14, 2.31 
RESULT: PGMCacheL (946, 0.000000, 1000),8192,228.271,9480,6364532502,BinarySearch
RESULT: PGMCacheR (0, 0.000000, 0),      16,     0.00, 1909.11,       308.39,    145.23,     145.01,          3.19,     828.05,        0.00,      95.57,             0.80,      614.26,              2.64,       -nan,             -nan,  1000, 0.16, 1.14, 2.31 
RESULT: PGMCacheR (946, 0.000000, 1000),16,236.273,43774340,11307181972,BinarySearch
RESULT: PGMCacheR (0, 0.000000, 0),       4,     0.00, 1884.36,       298.34,    145.01,     144.74,          3.03,     817.83,        0.00,      92.34,             0.76,      612.52,              2.62,       -nan,             -nan,  1000, 0.16, 1.14, 2.30 
RESULT: PGMCacheR (946, 0.000000, 1000),4,223.868,173185840,12934163032,BinarySearch
RESULT: PGMCacheR (0, 0.000000, 0),       8,     0.00, 1896.73,       299.29,    145.03,     144.89,          3.03,     822.76,        0.00,      92.39,             0.76,      612.84,              2.62,       -nan,             -nan,  1000, 0.16, 1.14, 2.31 
RESULT: PGMCacheR (946, 0.000000, 1000),8,227.322,87810600,12074997521,BinarySearch
RESULT: PGMCacheR (0, 0.000000, 0),      32,     0.00, 1868.94,       297.11,    145.04,     144.83,          3.06,     811.35,        0.00,      91.78,             0.77,      612.46,              2.63,       -nan,             -nan,  1000, 0.16, 1.14, 2.30 
RESULT: PGMCacheR (946, 0.000000, 1000),32,224.613,21637000,10593294752,BinarySearch
RESULT: PGMCacheR (0, 0.000000, 0),      64,     0.00, 1915.35,       305.22,    145.17,     145.12,          3.22,     829.97,        0.00,      94.21,             0.79,      613.53,              2.64,       -nan,             -nan,  1000, 0.16, 1.14, 2.31 
RESULT: PGMCacheR (946, 0.000000, 1000),64,235.269,10639720,10218891741,BinarySearch
RESULT: PGMCacheR (0, 0.000000, 0),     256,     0.00, 4184.33,      1437.09,    150.52,     147.13,          4.16,    1739.45,        0.54,     434.53,             8.05,     1000.43,              6.71,       -nan,             -nan,  1000, 0.34, 1.06, 2.41 
RESULT: PGMCacheR (946, 0.000000, 1000),256,235.125,2413440,9460573036,BinarySearch
RESULT: PGMCacheR (0, 0.000000, 0),    1024,     0.00, 1871.25,       297.91,    145.08,     144.66,          3.08,     812.34,        0.00,      91.66,             0.75,      612.50,              2.63,       -nan,             -nan,  1000, 0.16, 1.14, 2.30 
RESULT: PGMCacheR (946, 0.000000, 1000),1024,218.903,371240,8199648860,BinarySearch
RESULT: PGMCacheR (0, 0.000000, 0),    2048,     0.00, 1887.37,       299.84,    145.10,     144.82,          3.05,     818.98,        0.00,      92.02,             0.77,      612.48,              2.64,       -nan,             -nan,  1000, 0.16, 1.14, 2.30 
RESULT: PGMCacheR (946, 0.000000, 1000),2048,225.046,118300,7459382142,BinarySearch
RESULT: PGMCacheR (0, 0.000000, 0),    4096,     0.00, 1889.55,       298.97,    145.12,     144.92,          3.05,     820.42,        0.00,      91.78,             0.77,      612.56,              2.65,       -nan,             -nan,  1000, 0.16, 1.14, 2.30 
RESULT: PGMCacheR (946, 0.000000, 1000),4096,224.223,34000,6835072947,BinarySearch
RESULT: PGMCacheR (0, 0.000000, 0),    8192,     0.00, 1880.43,       299.73,    145.19,     144.95,          3.08,     817.26,        0.00,      91.81,             0.78,      612.50,              2.64,       -nan,             -nan,  1000, 0.16, 1.14, 2.30 
RESULT: PGMCacheR (946, 0.000000, 1000),8192,223.346,9480,6366161532,BinarySearch
