Repeating lookup code 1 time(s).
Using 1 thread(s).
read 200000000 values from ./data/fb_200M_uint64 in 774 ms (258.398 M values/s)
data is unique
read 10000 values from ./data/fb_200M_uint64_equality_lookups_zipf_10K_1 in 0 ms (inf M values/s)
index, variant, time sec, cycles, instructions, L1-misses, LLC-misses, branch-misses, task-clock, page-faults, DTLB-loads, DTLB-load-misses, DTLB-stores, DTLB-store-misses, ITLB_loads, ITLB_load-misses, scale,  IPC, CPUs,  GHz 
RESULT:   PGM,      16,     0.00, 419.26,       251.17,     15.22,      14.77,          1.77,     174.37,        0.00,      65.51,             0.12,       65.92,              0.28,       -nan,             -nan, 10000, 0.60, 1.06, 2.40 
RESULT: PGM,16,113.687,43774340,11282399085,BinarySearch
RESULT:   PGM,       4,     0.00, 467.34,       281.00,     15.01,      14.67,          1.78,     193.54,        0.00,      74.36,             0.09,       64.68,              0.27,       -nan,             -nan, 10000, 0.60, 1.05, 2.41 
RESULT: PGM,4,134.166,173185840,12795064451,BinarySearch
RESULT:   PGM,       8,     0.00, 431.11,       262.76,     14.99,      14.61,          1.68,     179.02,        0.00,      68.70,             0.08,       64.56,              0.27,       -nan,             -nan, 10000, 0.61, 1.06, 2.41 
RESULT: PGM,8,120.032,87810600,11989320680,BinarySearch
RESULT:   PGM,      32,     0.00, 400.85,       257.32,     15.06,      14.61,          1.79,     189.53,        0.00,      64.39,             0.08,       64.55,              0.27,       -nan,             -nan, 10000, 0.64, 1.06, 2.12 
RESULT: PGM,32,123.353,21637000,10601907924,BinarySearch
RESULT:   PGM,      64,     0.00, 443.85,       288.35,     15.13,      14.66,          1.83,     184.11,        0.00,      70.80,             0.09,       64.54,              0.27,       -nan,             -nan, 10000, 0.65, 1.06, 2.41 
RESULT: PGM,64,124.828,10639720,10158656118,BinarySearch
RESULT:   PGM,     256,     0.00, 414.02,       283.34,     15.29,      14.73,          1.92,     172.28,        0.00,      66.62,             0.09,       64.53,              0.26,       -nan,             -nan, 10000, 0.68, 1.06, 2.40 
RESULT: PGM,256,113.831,2413440,9415086759,BinarySearch
RESULT:   PGM,    1024,     0.00, 373.67,       278.97,     15.45,      14.84,          1.91,     216.55,        0.00,      62.57,             0.11,       64.55,              0.26,       -nan,             -nan, 10000, 0.75, 1.07, 1.73 
RESULT: PGM,1024,138.403,371240,8191777329,BinarySearch
RESULT:   PGM,    2048,     0.00, 428.42,       315.79,     15.49,      14.89,          1.90,     177.98,        0.00,      69.54,             0.12,       64.54,              0.28,       -nan,             -nan, 10000, 0.74, 1.06, 2.41 
RESULT: PGM,2048,118.129,118300,7455990650,BinarySearch
RESULT:   PGM,    4096,     0.00, 389.32,       289.65,     15.57,      14.93,          1.91,     162.20,        0.00,      60.52,             0.13,       63.53,              0.27,       -nan,             -nan, 10000, 0.74, 1.06, 2.40 
RESULT: PGM,4096,102.988,34000,6806003074,BinarySearch
RESULT:   PGM,    8192,     0.00, 404.29,       314.73,     15.75,      14.96,          1.88,     161.90,        0.00,      65.81,             0.14,       64.54,              0.28,       -nan,             -nan, 10000, 0.78, 1.06, 2.50 
RESULT: PGM,8192,103.228,9480,6337845415,BinarySearch
RESULT: PGMCacheL (0, 0.000000, 0),      16,     0.00, 394.09,       217.55,     15.56,      14.68,          1.11,     178.57,        0.00,      66.67,             0.17,       79.43,              0.28,       -nan,             -nan, 10000, 0.55, 1.06, 2.21 
RESULT: PGMCacheL (9336, 0.000000, 10000),16,117.35,43774340,11326264964,BinarySearch
RESULT: PGMCacheL (0, 0.000000, 0),       4,     0.00, 397.58,       216.56,     15.37,      14.67,          1.10,     165.59,        0.00,      66.44,             0.16,       78.88,              0.28,       -nan,             -nan, 10000, 0.54, 1.06, 2.40 
RESULT: PGMCacheL (9336, 0.000000, 10000),4,108.011,173185840,12939266722,BinarySearch
RESULT: PGMCacheL (0, 0.000000, 0),       8,     0.00, 394.30,       214.65,     15.34,      14.65,          1.08,     164.30,        0.00,      65.86,             0.15,       78.78,              0.27,       -nan,             -nan, 10000, 0.54, 1.06, 2.40 
RESULT: PGMCacheL (9336, 0.000000, 10000),8,106.457,87810600,12014534800,BinarySearch
RESULT: PGMCacheL (0, 0.000000, 0),      32,     0.00, 392.33,       213.64,     15.45,      14.67,          1.14,     163.54,        0.00,      65.43,             0.15,       78.76,              0.27,       -nan,             -nan, 10000, 0.54, 1.06, 2.40 
RESULT: PGMCacheL (9336, 0.000000, 10000),32,105.702,21637000,10589515856,BinarySearch
RESULT: PGMCacheL (0, 0.000000, 0),      64,     0.00, 396.65,       215.96,     15.54,      14.68,          1.17,     165.28,        0.00,      65.84,             0.14,       78.77,              0.27,       -nan,             -nan, 10000, 0.54, 1.06, 2.40 
RESULT: PGMCacheL (9336, 0.000000, 10000),64,107.342,10639720,10233079355,BinarySearch
RESULT: PGMCacheL (0, 0.000000, 0),     256,     0.00, 398.81,       215.72,     15.75,      14.76,          1.21,     166.04,        0.00,      65.65,             0.15,       78.86,              0.27,       -nan,             -nan, 10000, 0.54, 1.06, 2.40 
RESULT: PGMCacheL (9336, 0.000000, 10000),256,108.201,2413440,9449326400,BinarySearch
RESULT: PGMCacheL (0, 0.000000, 0),    1024,     0.00, 395.27,       214.50,     15.99,      14.86,          1.21,     164.63,        0.00,      65.15,             0.16,       78.78,              0.27,       -nan,             -nan, 10000, 0.54, 1.06, 2.40 
RESULT: PGMCacheL (9336, 0.000000, 10000),1024,106.689,371240,8213147734,BinarySearch
RESULT: PGMCacheL (0, 0.000000, 0),    2048,     0.00, 402.12,       216.88,     16.06,      14.94,          1.23,     167.36,        0.00,      65.59,             0.17,       78.77,              0.27,       -nan,             -nan, 10000, 0.54, 1.06, 2.40 
RESULT: PGMCacheL (9336, 0.000000, 10000),2048,108.673,118300,7471768442,BinarySearch
RESULT: PGMCacheL (0, 0.000000, 0),    4096,     0.00, 404.45,       216.56,     16.14,      15.02,          1.22,     168.39,        0.00,      65.48,             0.19,       78.90,              0.27,       -nan,             -nan, 10000, 0.54, 1.06, 2.40 
RESULT: PGMCacheL (9336, 0.000000, 10000),4096,109.045,34000,6845167132,BinarySearch
RESULT: PGMCacheL (0, 0.000000, 0),    8192,     0.00, 408.62,       216.79,     16.23,      15.00,          1.21,     169.97,        0.00,      65.35,             0.19,       78.78,              0.27,       -nan,             -nan, 10000, 0.53, 1.06, 2.40 
RESULT: PGMCacheL (9336, 0.000000, 10000),8192,110.784,9480,6374255480,BinarySearch
RESULT: PGMCacheR (0, 0.000000, 0),      16,     0.00, 409.22,       214.48,     15.40,      14.67,          1.11,     157.61,        0.00,      65.84,             0.15,       78.96,              0.28,       -nan,             -nan, 10000, 0.52, 1.06, 2.60 
RESULT: PGMCacheR (9336, 0.000000, 10000),16,99.8659,43774340,11328666350,BinarySearch
RESULT: PGMCacheR (0, 0.000000, 0),       4,     0.00, 391.80,       216.04,     15.34,      14.64,          1.07,     177.31,        0.00,      66.25,             0.15,       78.77,              0.27,       -nan,             -nan, 10000, 0.55, 1.06, 2.21 
RESULT: PGMCacheR (9336, 0.000000, 10000),4,115.257,173185840,12940926476,BinarySearch
RESULT: PGMCacheR (0, 0.000000, 0),       8,     0.00, 400.04,       214.80,     15.36,      14.65,          1.09,     166.55,        0.00,      65.89,             0.15,       78.77,              0.27,       -nan,             -nan, 10000, 0.54, 1.06, 2.40 
RESULT: PGMCacheR (9336, 0.000000, 10000),8,107.389,87810600,12014226789,BinarySearch
RESULT: PGMCacheR (0, 0.000000, 0),      32,     0.00, 396.55,       213.78,     15.45,      14.66,          1.15,     165.17,        0.00,      65.45,             0.15,       78.77,              0.28,       -nan,             -nan, 10000, 0.54, 1.06, 2.40 
RESULT: PGMCacheR (9336, 0.000000, 10000),32,105.871,21637000,10603875480,BinarySearch
RESULT: PGMCacheR (0, 0.000000, 0),      64,     0.00, 407.48,       216.65,     15.54,      14.70,          1.18,     163.06,        0.00,      66.05,             0.14,       78.87,              0.28,       -nan,             -nan, 10000, 0.53, 1.06, 2.50 
RESULT: PGMCacheR (9336, 0.000000, 10000),64,104.426,10639720,10241074488,BinarySearch
RESULT: PGMCacheR (0, 0.000000, 0),     256,     0.00, 399.33,       215.82,     15.73,      14.78,          1.21,     166.45,        0.00,      65.67,             0.16,       78.87,              0.27,       -nan,             -nan, 10000, 0.54, 1.06, 2.40 
RESULT: PGMCacheR (9336, 0.000000, 10000),256,108.132,2413440,9451790589,BinarySearch
RESULT: PGMCacheR (0, 0.000000, 0),    1024,     0.00, 400.50,       214.69,     15.97,      14.88,          1.22,     166.73,        0.00,      65.18,             0.16,       78.80,              0.27,       -nan,             -nan, 10000, 0.54, 1.06, 2.40 
RESULT: PGMCacheR (9336, 0.000000, 10000),1024,107.493,371240,8212053040,BinarySearch
RESULT: PGMCacheR (0, 0.000000, 0),    2048,     0.00, 402.98,       216.95,     16.02,      14.93,          1.21,     167.88,        0.00,      65.60,             0.17,       78.77,              0.27,       -nan,             -nan, 10000, 0.54, 1.06, 2.40 
RESULT: PGMCacheR (9336, 0.000000, 10000),2048,108.653,118300,7470106770,BinarySearch
RESULT: PGMCacheR (0, 0.000000, 0),    4096,     0.00, 404.11,       215.81,     16.15,      14.98,          1.24,     161.75,        0.00,      65.26,             0.18,       78.77,              0.27,       -nan,             -nan, 10000, 0.53, 1.06, 2.50 
RESULT: PGMCacheR (9336, 0.000000, 10000),4096,104.986,34000,6846617914,BinarySearch
RESULT: PGMCacheR (0, 0.000000, 0),    8192,     0.00, 399.10,       216.70,     16.26,      15.01,          1.21,     166.28,        0.00,      65.32,             0.19,       78.75,              0.27,       -nan,             -nan, 10000, 0.54, 1.06, 2.40 
RESULT: PGMCacheR (9336, 0.000000, 10000),8192,108.724,9480,6374099777,BinarySearch
