Repeating lookup code 1 time(s).
Using 1 thread(s).
read 200000000 values from ./data/fb_200M_uint64 in 768 ms (260.417 M values/s)
data is unique
read 1000 values from ./data/fb_200M_uint64_equality_lookups_zipf_1K_3 in 8 ms (0.125 M values/s)
index, variant, time sec,  cycles, instructions, L1-misses, LLC-misses, branch-misses, task-clock, page-faults, DTLB-loads, DTLB-load-misses, DTLB-stores, DTLB-store-misses, ITLB_loads, ITLB_load-misses, scale,  IPC, CPUs,  GHz 
RESULT:   PGM,      16,     0.00, 2085.50,       417.72,    146.65,     146.50,          3.65,     900.23,        0.01,     111.88,             0.98,      612.99,              2.67,       -nan,             -nan,  1000, 0.20, 1.13, 2.32 
RESULT: PGM,16,281.825,43774340,11261878998,BinarySearch
RESULT:   PGM,       4,     0.00, 1912.33,       375.32,    145.05,     145.06,          2.60,     830.25,        0.00,     102.87,             0.73,      601.02,              2.63,       -nan,             -nan,  1000, 0.20, 1.14, 2.30 
RESULT: PGM,4,243.337,173185840,12793854707,BinarySearch
RESULT:   PGM,       8,     0.00, 1906.38,       356.44,    144.80,     144.88,          2.54,     796.88,        0.00,      96.75,             0.69,      600.73,              2.63,       -nan,             -nan,  1000, 0.19, 1.14, 2.39 
RESULT: PGM,8,218.485,87810600,11982549959,BinarySearch
RESULT:   PGM,      32,     0.00, 1825.18,       352.54,    144.80,     144.80,          2.55,     793.70,        0.00,      92.64,             0.70,      600.50,              2.62,       -nan,             -nan,  1000, 0.19, 1.14, 2.30 
RESULT: PGM,32,213.294,21637000,10591355173,BinarySearch
RESULT:   PGM,      64,     0.00, 1865.33,       387.63,    144.84,     144.75,          2.55,     810.19,        0.00,      99.49,             0.68,      600.55,              2.63,       -nan,             -nan,  1000, 0.21, 1.14, 2.30 
RESULT: PGM,64,229.72,10639720,10152729035,BinarySearch
RESULT:   PGM,     256,     0.00, 3926.66,      1414.52,    150.18,     146.52,          3.49,    1637.33,        0.49,     405.64,             6.82,      952.87,              6.18,       -nan,             -nan,  1000, 0.36, 1.07, 2.40 
RESULT: PGM,256,215.226,2413440,9419633397,BinarySearch
RESULT:   PGM,    1024,     0.00, 1807.30,       379.77,    144.80,     144.74,          2.54,     786.48,        0.00,      91.54,             0.68,      600.60,              2.70,       -nan,             -nan,  1000, 0.21, 1.14, 2.30 
RESULT: PGM,1024,205.689,371240,8170794025,BinarySearch
RESULT:   PGM,    2048,     0.00, 1859.40,       416.53,    144.77,     144.50,          2.49,     807.34,        0.00,      98.42,             0.68,      600.42,              2.62,       -nan,             -nan,  1000, 0.22, 1.14, 2.30 
RESULT: PGM,2048,216.28,118300,7425179387,BinarySearch
RESULT:   PGM,    4096,     0.00, 1846.90,       392.39,    144.84,     144.83,          2.52,     803.45,        0.00,      89.80,             0.68,      599.80,              2.64,       -nan,             -nan,  1000, 0.21, 1.14, 2.30 
RESULT: PGM,4096,204.44,34000,6797238842,BinarySearch
RESULT:   PGM,    8192,     0.00, 1853.35,       412.99,    144.80,     144.74,          2.48,     806.24,        0.00,      94.50,             0.70,      600.51,              2.63,       -nan,             -nan,  1000, 0.22, 1.14, 2.30 
RESULT: PGM,8192,206.746,9480,6331824611,BinarySearch
RESULT: PGMCacheL (0, 0.000000, 0),      16,     0.00, 1930.90,       325.38,    145.29,     145.07,          2.73,     836.77,        0.01,     100.34,             0.80,      615.92,              2.63,       -nan,             -nan,  1000, 0.17, 1.14, 2.31 
RESULT: PGMCacheL (987, 0.000000, 1000),16,238.113,43774340,11329707839,BinarySearch
RESULT: PGMCacheL (0, 0.000000, 0),       4,     0.00, 1882.93,       291.75,    144.79,     144.78,          2.57,     817.74,        0.00,      90.25,             0.70,      611.06,              2.63,       -nan,             -nan,  1000, 0.15, 1.14, 2.30 
RESULT: PGMCacheL (987, 0.000000, 1000),4,220.408,173185840,12929505060,BinarySearch
RESULT: PGMCacheL (0, 0.000000, 0),       8,     0.00, 1907.85,       297.83,    144.97,     145.07,          2.65,     827.54,        0.00,      92.20,             0.71,      611.95,              2.63,       -nan,             -nan,  1000, 0.16, 1.14, 2.31 
RESULT: PGMCacheL (987, 0.000000, 1000),8,231.839,87810600,12005207394,BinarySearch
RESULT: PGMCacheL (0, 0.000000, 0),      32,     0.00, 1879.01,       291.25,    144.85,     144.85,          2.58,     815.52,        0.00,      90.12,             0.72,      611.00,              2.63,       -nan,             -nan,  1000, 0.16, 1.14, 2.30 
RESULT: PGMCacheL (987, 0.000000, 1000),32,221.599,21637000,10564613380,BinarySearch
RESULT: PGMCacheL (0, 0.000000, 0),      64,     0.00, 1911.44,       298.14,    144.99,     145.10,          2.71,     829.56,        0.00,      92.23,             0.72,      611.97,              2.63,       -nan,             -nan,  1000, 0.16, 1.14, 2.30 
RESULT: PGMCacheL (987, 0.000000, 1000),64,232.948,10639720,10216430058,BinarySearch
RESULT: PGMCacheL (0, 0.000000, 0),     256,     0.00, 4133.25,      1418.52,    150.63,     146.66,          3.48,    1719.33,        0.54,     429.41,             7.92,      997.44,              6.66,       -nan,             -nan,  1000, 0.34, 1.06, 2.40 
RESULT: PGMCacheL (987, 0.000000, 1000),256,220.301,2413440,9463923863,BinarySearch
RESULT: PGMCacheL (0, 0.000000, 0),    1024,     0.00, 1865.25,       293.46,    144.87,     144.63,          2.57,     810.69,        0.00,      90.37,             0.69,      611.20,              2.71,       -nan,             -nan,  1000, 0.16, 1.14, 2.30 
RESULT: PGMCacheL (987, 0.000000, 1000),1024,218.603,371240,8201674524,BinarySearch
RESULT: PGMCacheL (0, 0.000000, 0),    2048,     0.00, 1875.12,       291.62,    144.83,     144.71,          2.53,     814.57,        0.00,      90.09,             0.70,      610.93,              2.63,       -nan,             -nan,  1000, 0.16, 1.14, 2.30 
RESULT: PGMCacheL (987, 0.000000, 1000),2048,220.964,118300,7465420859,BinarySearch
RESULT: PGMCacheL (0, 0.000000, 0),    4096,     0.00, 1906.13,       298.40,    144.98,     144.92,          2.68,     826.61,        0.00,      92.15,             0.73,      611.97,              2.62,       -nan,             -nan,  1000, 0.16, 1.14, 2.31 
RESULT: PGMCacheL (987, 0.000000, 1000),4096,230.687,34000,6835443604,BinarySearch
RESULT: PGMCacheL (0, 0.000000, 0),    8192,     0.00, 1874.28,       291.96,    144.85,     144.74,          2.53,     815.30,        0.00,      90.10,             0.71,      611.00,              2.62,       -nan,             -nan,  1000, 0.16, 1.14, 2.30 
RESULT: PGMCacheL (987, 0.000000, 1000),8192,221.596,9480,6367392463,BinarySearch
RESULT: PGMCacheR (0, 0.000000, 0),      16,     0.00, 1910.27,       303.70,    145.08,     144.70,          2.70,     827.72,        0.00,      94.04,             0.75,      612.77,              2.62,       -nan,             -nan,  1000, 0.16, 1.14, 2.31 
RESULT: PGMCacheR (987, 0.000000, 1000),16,229.039,43774340,11335325149,BinarySearch
RESULT: PGMCacheR (0, 0.000000, 0),       4,     0.00, 1855.76,       297.85,    144.94,     144.78,          2.66,     839.76,        0.00,      92.19,             0.73,      611.85,              2.63,       -nan,             -nan,  1000, 0.16, 1.14, 2.21 
RESULT: PGMCacheR (987, 0.000000, 1000),4,235.903,173185840,12923825775,BinarySearch
RESULT: PGMCacheR (0, 0.000000, 0),       8,     0.00, 1888.04,       291.27,    144.85,     144.82,          2.50,     818.80,        0.00,      90.18,             0.70,      611.04,              2.63,       -nan,             -nan,  1000, 0.15, 1.14, 2.31 
RESULT: PGMCacheR (987, 0.000000, 1000),8,223.272,87810600,12005299487,BinarySearch
RESULT: PGMCacheR (0, 0.000000, 0),      32,     0.00, 1970.07,       291.08,    144.84,     144.87,          2.56,     789.84,        0.00,      90.08,             0.71,      610.96,              2.66,       -nan,             -nan,  1000, 0.15, 1.13, 2.49 
RESULT: PGMCacheR (987, 0.000000, 1000),32,208.823,21637000,10580782471,BinarySearch
RESULT: PGMCacheR (0, 0.000000, 0),      64,     0.00, 1973.86,       293.25,    144.86,     144.82,          2.58,     791.45,        0.00,      90.48,             0.71,      611.25,              2.65,       -nan,             -nan,  1000, 0.15, 1.13, 2.49 
RESULT: PGMCacheR (987, 0.000000, 1000),64,209.358,10639720,10217503856,BinarySearch
RESULT: PGMCacheR (0, 0.000000, 0),     256,     0.00, 4149.38,      1425.02,    150.67,     146.82,          3.58,    1725.35,        0.54,     431.44,             7.36,      998.43,              6.63,       -nan,             -nan,  1000, 0.34, 1.06, 2.40 
RESULT: PGMCacheR (987, 0.000000, 1000),256,228.544,2413440,9463454554,BinarySearch
RESULT: PGMCacheR (0, 0.000000, 0),    1024,     0.00, 1932.75,       292.18,    144.88,     144.78,          2.57,     804.95,        0.00,      90.25,             0.70,      611.18,              2.71,       -nan,             -nan,  1000, 0.15, 1.14, 2.40 
RESULT: PGMCacheR (987, 0.000000, 1000),1024,217.318,371240,8201916612,BinarySearch
RESULT: PGMCacheR (0, 0.000000, 0),    2048,     0.00, 1877.93,       291.62,    144.84,     144.68,          2.53,     815.57,        0.00,      90.10,             0.70,      610.93,              2.62,       -nan,             -nan,  1000, 0.16, 1.14, 2.30 
RESULT: PGMCacheR (987, 0.000000, 1000),2048,219.931,118300,7464339622,BinarySearch
RESULT: PGMCacheR (0, 0.000000, 0),    4096,     0.00, 1897.93,       298.40,    144.98,     144.91,          2.67,     824.33,        0.00,      92.13,             0.73,      611.91,              2.63,       -nan,             -nan,  1000, 0.16, 1.14, 2.30 
RESULT: PGMCacheR (987, 0.000000, 1000),4096,231.779,34000,6835044123,BinarySearch
RESULT: PGMCacheR (0, 0.000000, 0),    8192,     0.00, 1881.52,       291.96,    144.88,     144.85,          2.55,     816.10,        0.00,      90.12,             0.72,      611.04,              2.63,       -nan,             -nan,  1000, 0.16, 1.14, 2.31 
RESULT: PGMCacheR (987, 0.000000, 1000),8192,221.155,9480,6367186703,BinarySearch
