Repeating lookup code 1 time(s).
Using 1 thread(s).
read 200000000 values from ./data/fb_200M_uint64 in 777 ms (257.4 M values/s)
data is unique
read 100000 values from ./data/fb_200M_uint64_equality_lookups_zipf_100K_1 in 0 ms (inf M values/s)
index, variant, time sec, cycles, instructions, L1-misses, LLC-misses, branch-misses, task-clock, page-faults, DTLB-loads, DTLB-load-misses, DTLB-stores, DTLB-store-misses, ITLB_loads, ITLB_load-misses,  scale,  IPC, CPUs,  GHz 
RESULT:   PGM,      16,     0.01, 223.57,       226.82,      1.81,       1.49,          1.04,      91.11,        0.00,      60.37,             0.02,       11.12,              0.03,       0.01,             -nan, 100000, 1.01, 1.01, 2.45 
RESULT: PGM,16,85.0807,43774340,11275468653,BinarySearch
RESULT:   PGM,       4,     0.01, 283.98,       254.83,      1.79,       1.48,          1.11,     111.21,        0.00,      70.78,             0.01,       10.98,              0.03,       0.02,             -nan, 100000, 0.90, 1.01, 2.55 
RESULT: PGM,4,105.425,173185840,12781641148,BinarySearch
RESULT:   PGM,       8,     0.01, 257.87,       245.93,      1.78,       1.47,          1.05,     105.08,        0.00,      65.54,             0.01,       10.98,              0.03,       0.01,             -nan, 100000, 0.95, 1.01, 2.45 
RESULT: PGM,8,99.1779,87810600,12008320651,BinarySearch
RESULT:   PGM,      32,     0.01, 233.13,       241.62,      1.80,       1.48,          1.15,      91.18,        0.00,      61.43,             0.01,       10.99,              0.03,       0.01,             -nan, 100000, 1.04, 1.01, 2.56 
RESULT: PGM,32,85.5679,21637000,10586937480,BinarySearch
RESULT:   PGM,      64,     0.01, 259.98,       263.74,      1.82,       1.48,          1.09,     105.89,        0.00,      67.92,             0.01,       10.98,              0.03,       0.01,             -nan, 100000, 1.01, 1.01, 2.46 
RESULT: PGM,64,100.003,10639720,10167313312,BinarySearch
RESULT:   PGM,     256,     0.01, 234.40,       264.27,      1.86,       1.49,          1.12,      95.46,        0.00,      63.86,             0.01,       10.98,              0.03,       0.04,             -nan, 100000, 1.13, 1.01, 2.46 
RESULT: PGM,256,89.7006,2413440,9418143079,BinarySearch
RESULT:   PGM,    1024,     0.01, 209.19,       266.32,      1.89,       1.50,          1.12,      85.23,        0.00,      59.85,             0.02,       10.98,              0.03,       0.02,             -nan, 100000, 1.27, 1.01, 2.45 
RESULT: PGM,1024,79.4565,371240,8177853874,BinarySearch
RESULT:   PGM,    2048,     0.01, 242.45,       293.96,      1.89,       1.51,          1.09,      98.76,        0.00,      66.86,             0.02,       10.99,              0.03,       0.01,             -nan, 100000, 1.21, 1.01, 2.45 
RESULT: PGM,2048,92.8642,118300,7437450836,BinarySearch
RESULT:   PGM,    4096,     0.01, 252.45,       280.92,      1.90,       1.52,          1.12,      77.86,        0.00,      57.84,             0.02,        9.98,              0.03,       0.01,             -nan, 100000, 1.11, 1.01, 3.24 
RESULT: PGM,4096,72.1033,34000,6804624982,BinarySearch
RESULT:   PGM,    8192,     0.01, 217.29,       303.12,      1.96,       1.53,          1.08,      88.54,        0.00,      63.06,             0.02,       10.98,              0.03,       0.01,             -nan, 100000, 1.39, 1.01, 2.45 
RESULT: PGM,8192,82.6173,9480,6340491060,BinarySearch
RESULT: PGMCacheL (0, 0.000000, 0),      16,     0.01, 190.09,       171.55,      1.99,       1.49,          0.39,      77.47,        0.00,      55.70,             0.03,       21.77,              0.03,       0.00,             -nan, 100000, 0.90, 1.01, 2.45 
RESULT: PGMCacheL (98760, 0.000000, 100000),16,71.7096,43774340,11331982379,BinarySearch
RESULT: PGMCacheL (0, 0.000000, 0),       4,     0.01, 189.71,       172.01,      1.97,       1.48,          0.40,      77.32,        0.00,      55.84,             0.03,       21.79,              0.03,       0.00,             -nan, 100000, 0.91, 1.01, 2.45 
RESULT: PGMCacheL (98760, 0.000000, 100000),4,71.5387,173185840,12943194167,BinarySearch
RESULT: PGMCacheL (0, 0.000000, 0),       8,     0.01, 186.98,       170.36,      1.95,       1.47,          0.39,      76.19,        0.00,      55.63,             0.03,       21.68,              0.03,       0.00,             -nan, 100000, 0.91, 1.01, 2.45 
RESULT: PGMCacheL (98760, 0.000000, 100000),8,70.4099,87810600,12032075624,BinarySearch
RESULT: PGMCacheL (0, 0.000000, 0),      32,     0.01, 188.34,       170.60,      1.98,       1.48,          0.41,      76.75,        0.00,      55.65,             0.02,       21.76,              0.03,       0.00,             -nan, 100000, 0.91, 1.01, 2.45 
RESULT: PGMCacheL (98760, 0.000000, 100000),32,70.9675,21637000,10580490910,BinarySearch
RESULT: PGMCacheL (0, 0.000000, 0),      64,     0.01, 188.88,       170.66,      1.99,       1.48,          0.41,      76.96,        0.00,      55.66,             0.02,       21.70,              0.03,       0.00,             0.10, 100000, 0.90, 1.01, 2.45 
RESULT: PGMCacheL (98760, 0.000000, 100000),64,71.2064,10639720,10230908981,BinarySearch
RESULT: PGMCacheL (0, 0.000000, 0),     256,     0.01, 189.97,       172.04,      2.06,       1.49,          0.42,      77.41,        0.00,      55.69,             0.03,       21.79,              0.03,       0.00,             -nan, 100000, 0.91, 1.01, 2.45 
RESULT: PGMCacheL (98760, 0.000000, 100000),256,71.6324,2413440,9447770352,BinarySearch
RESULT: PGMCacheL (0, 0.000000, 0),    1024,     0.01, 188.77,       171.21,      2.10,       1.51,          0.42,      76.94,        0.00,      55.61,             0.03,       21.77,              0.03,       0.00,             -nan, 100000, 0.91, 1.02, 2.45 
RESULT: PGMCacheL (98760, 0.000000, 100000),1024,70.9735,371240,8206581420,BinarySearch
RESULT: PGMCacheL (0, 0.000000, 0),    2048,     0.01, 190.02,       171.60,      2.09,       1.51,          0.42,      80.71,        0.00,      55.58,             0.03,       21.69,              0.03,       0.00,             -nan, 100000, 0.90, 1.01, 2.35 
RESULT: PGMCacheL (98760, 0.000000, 100000),2048,74.6584,118300,7473195894,BinarySearch
RESULT: PGMCacheL (0, 0.000000, 0),    4096,     0.01, 189.98,       170.98,      2.13,       1.52,          0.43,      77.55,        0.00,      55.63,             0.03,       21.78,              0.03,       0.00,             0.07, 100000, 0.90, 1.01, 2.45 
RESULT: PGMCacheL (98760, 0.000000, 100000),4096,71.5322,34000,6847056031,BinarySearch
RESULT: PGMCacheL (0, 0.000000, 0),    8192,     0.01, 192.75,       172.06,      2.15,       1.53,          0.43,      78.53,        0.00,      55.64,             0.03,       21.77,              0.03,       0.00,             -nan, 100000, 0.89, 1.01, 2.45 
RESULT: PGMCacheL (98760, 0.000000, 100000),8192,72.6249,9480,6375122013,BinarySearch
RESULT: PGMCacheR (0, 0.000000, 0),      16,     0.01, 189.44,       171.23,      1.97,       1.48,          0.39,      77.19,        0.00,      55.62,             0.02,       21.72,              0.03,       0.00,             -nan, 100000, 0.90, 1.01, 2.45 
RESULT: PGMCacheR (98760, 0.000000, 100000),16,71.2297,43774340,11345430534,BinarySearch
RESULT: PGMCacheR (0, 0.000000, 0),       4,     0.01, 189.02,       171.04,      1.96,       1.47,          0.40,      76.99,        0.00,      55.81,             0.03,       21.76,              0.03,       0.00,             -nan, 100000, 0.90, 1.01, 2.46 
RESULT: PGMCacheR (98760, 0.000000, 100000),4,71.088,173185840,12963339564,BinarySearch
RESULT: PGMCacheR (0, 0.000000, 0),       8,     0.01, 188.22,       170.87,      1.97,       1.48,          0.41,      76.70,        0.00,      55.76,             0.03,       21.77,              0.03,       0.00,             0.13, 100000, 0.91, 1.01, 2.45 
RESULT: PGMCacheR (98760, 0.000000, 100000),8,70.8092,87810600,12044767789,BinarySearch
RESULT: PGMCacheR (0, 0.000000, 0),      32,     0.01, 189.06,       170.61,      1.99,       1.48,          0.41,      77.05,        0.00,      55.65,             0.03,       21.76,              0.03,       0.00,             0.09, 100000, 0.90, 1.01, 2.45 
RESULT: PGMCacheR (98760, 0.000000, 100000),32,71.1141,21637000,10585370185,BinarySearch
RESULT: PGMCacheR (0, 0.000000, 0),      64,     0.01, 191.16,       170.66,      1.99,       1.48,          0.40,      69.51,        0.00,      55.64,             0.02,       21.69,              0.03,       0.00,             -nan, 100000, 0.89, 1.01, 2.75 
RESULT: PGMCacheR (98760, 0.000000, 100000),64,63.7411,10639720,10237145284,BinarySearch
RESULT: PGMCacheR (0, 0.000000, 0),     256,     0.01, 188.53,       171.28,      2.06,       1.49,          0.42,      77.02,        0.00,      55.67,             0.03,       21.77,              0.03,       0.00,             -nan, 100000, 0.91, 1.02, 2.45 
RESULT: PGMCacheR (98760, 0.000000, 100000),256,71.0626,2413440,9458871685,BinarySearch
RESULT: PGMCacheR (0, 0.000000, 0),    1024,     0.01, 190.77,       172.11,      2.11,       1.51,          0.43,      77.74,        0.00,      55.61,             0.03,       21.77,              0.03,       0.00,             -nan, 100000, 0.90, 1.01, 2.45 
RESULT: PGMCacheR (98760, 0.000000, 100000),1024,71.7835,371240,8210319775,BinarySearch
RESULT: PGMCacheR (0, 0.000000, 0),    2048,     0.01, 189.71,       171.18,      2.12,       1.52,          0.43,      80.55,        0.00,      55.69,             0.03,       21.77,              0.03,       0.00,             -nan, 100000, 0.90, 1.01, 2.36 
RESULT: PGMCacheR (98760, 0.000000, 100000),2048,74.5123,118300,7473483170,BinarySearch
RESULT: PGMCacheR (0, 0.000000, 0),    4096,     0.01, 188.46,       170.76,      2.11,       1.53,          0.42,      80.02,        0.00,      55.53,             0.03,       21.71,              0.03,       0.00,             -nan, 100000, 0.91, 1.01, 2.36 
RESULT: PGMCacheR (98760, 0.000000, 100000),4096,74.1534,34000,6844638494,BinarySearch
RESULT: PGMCacheR (0, 0.000000, 0),    8192,     0.01, 189.84,       172.08,      2.15,       1.53,          0.43,      77.37,        0.00,      55.65,             0.03,       21.77,              0.03,       0.00,             -nan, 100000, 0.91, 1.01, 2.45 
RESULT: PGMCacheR (98760, 0.000000, 100000),8192,71.5781,9480,6374068874,BinarySearch
