Repeating lookup code 1 time(s).
Using 1 thread(s).
read 200000000 values from ./data/fb_200M_uint64 in 766 ms (261.097 M values/s)
data is unique
read 1000000 values from ./data/fb_200M_uint64_equality_lookups_zipf_1M_2 in 140 ms (7.14286 M values/s)
index, variant, time sec, cycles, instructions, L1-misses, LLC-misses, branch-misses, task-clock, page-faults, DTLB-loads, DTLB-load-misses, DTLB-stores, DTLB-store-misses, ITLB_loads, ITLB_load-misses,   scale,  IPC, CPUs,  GHz 
RESULT:   PGM,      16,     0.06, 208.53,       232.53,      0.48,       0.19,          0.65,      64.43,        0.00,      59.11,             0.01,        5.65,              0.00,       0.00,             0.00, 1000000, 1.12, 1.00, 3.24 
RESULT: PGM,16,63.8231,43774340,11262507812,BinarySearch
RESULT:   PGM,       4,     0.08, 273.00,       267.41,      0.45,       0.19,          0.71,      83.60,        0.00,      69.38,             0.01,        5.69,              0.00,       0.01,             0.00, 1000000, 0.98, 1.00, 3.27 
RESULT: PGM,4,83.0033,173185840,12790305953,BinarySearch
RESULT:   PGM,       8,     0.08, 241.30,       251.04,      0.46,       0.20,          0.69,      75.79,        0.00,      64.05,             0.00,        5.65,              0.00,       0.01,             0.00, 1000000, 1.04, 1.00, 3.18 
RESULT: PGM,8,75.2093,87810600,11986237418,BinarySearch
RESULT:   PGM,      32,     0.07, 215.89,       245.83,      0.47,       0.19,          0.74,      65.21,        0.00,      60.61,             0.01,        5.66,              0.00,       0.01,             0.00, 1000000, 1.14, 1.00, 3.31 
RESULT: PGM,32,64.6161,21637000,10567722074,BinarySearch
RESULT:   PGM,      64,     0.08, 249.44,       279.19,      0.47,       0.20,          0.65,      75.54,        0.00,      66.78,             0.00,        5.68,              0.00,       0.00,             0.00, 1000000, 1.12, 1.00, 3.30 
RESULT: PGM,64,74.9891,10639720,10151154719,BinarySearch
RESULT:   PGM,     256,     0.07, 221.41,       275.85,      0.48,       0.20,          0.72,      68.15,        0.00,      63.08,             0.01,        5.64,              0.00,       0.05,             0.00, 1000000, 1.25, 1.00, 3.25 
RESULT: PGM,256,67.5782,2413440,9406004472,BinarySearch
RESULT:   PGM,    1024,     0.06, 191.03,       271.14,      0.47,       0.18,          0.69,      58.74,        0.00,      59.14,             0.01,        5.65,              0.00,       0.03,             0.00, 1000000, 1.42, 1.00, 3.25 
RESULT: PGM,1024,58.1574,371240,8166362958,BinarySearch
RESULT:   PGM,    2048,     0.07, 230.40,       310.38,      0.48,       0.20,          0.64,      68.16,        0.00,      66.04,             0.01,        5.65,              0.00,       0.00,             0.00, 1000000, 1.35, 1.00, 3.38 
RESULT: PGM,2048,67.6312,118300,7429737425,BinarySearch
RESULT:   PGM,    4096,     0.06, 188.71,       281.70,      0.47,       0.18,          0.66,      59.02,        0.00,      57.13,             0.01,        4.67,              0.00,       0.01,             0.00, 1000000, 1.49, 1.00, 3.20 
RESULT: PGM,4096,58.4416,34000,6796636365,BinarySearch
RESULT:   PGM,    8192,     0.06, 198.66,       306.66,      0.49,       0.18,          0.64,      59.05,        0.00,      62.10,             0.01,        5.65,              0.00,       0.00,             0.00, 1000000, 1.54, 1.00, 3.36 
RESULT: PGM,8192,58.475,9480,6329481259,BinarySearch
RESULT: PGMCacheL (0, 0.000000, 0),      16,     0.06, 198.81,       175.36,      0.54,       0.19,          0.28,      63.06,        0.00,      56.25,             0.01,       15.77,              0.00,       0.00,             0.00, 1000000, 0.88, 1.00, 3.15 
RESULT: PGMCacheL (998583, 0.000000, 1000000),16,62.4789,43774340,11325756118,BinarySearch
RESULT: PGMCacheL (0, 0.000000, 0),       4,     0.06, 197.80,       174.09,      0.52,       0.18,          0.28,      61.41,        0.00,      56.54,             0.01,       15.85,              0.00,       0.00,             0.00, 1000000, 0.88, 1.00, 3.22 
RESULT: PGMCacheL (998583, 0.000000, 1000000),4,60.8341,173185840,12922065864,BinarySearch
RESULT: PGMCacheL (0, 0.000000, 0),       8,     0.06, 199.82,       175.35,      0.54,       0.19,          0.28,      63.36,        0.00,      56.30,             0.01,       15.78,              0.00,       0.00,             0.00, 1000000, 0.88, 1.00, 3.15 
RESULT: PGMCacheL (998583, 0.000000, 1000000),8,62.78,87810600,12007388673,BinarySearch
RESULT: PGMCacheL (0, 0.000000, 0),      32,     0.06, 200.07,       175.68,      0.54,       0.18,          0.28,      61.99,        0.00,      56.18,             0.01,       15.76,              0.00,       0.00,             0.00, 1000000, 0.88, 1.00, 3.23 
RESULT: PGMCacheL (998583, 0.000000, 1000000),32,61.41,21637000,10566091803,BinarySearch
RESULT: PGMCacheL (0, 0.000000, 0),      64,     0.06, 200.16,       175.68,      0.54,       0.18,          0.28,      61.39,        0.00,      56.27,             0.01,       15.72,              0.00,       0.00,             0.00, 1000000, 0.88, 1.00, 3.26 
RESULT: PGMCacheL (998583, 0.000000, 1000000),64,60.8067,10639720,10218068400,BinarySearch
RESULT: PGMCacheL (0, 0.000000, 0),     256,     0.06, 200.80,       175.13,      0.52,       0.18,          0.27,      59.45,        0.00,      56.31,             0.01,       15.79,              0.00,       0.00,             0.00, 1000000, 0.87, 1.00, 3.38 
RESULT: PGMCacheL (998583, 0.000000, 1000000),256,58.8848,2413440,9438732146,BinarySearch
RESULT: PGMCacheL (0, 0.000000, 0),    1024,     0.06, 199.60,       174.87,      0.53,       0.18,          0.28,      62.33,        0.00,      56.37,             0.01,       15.80,              0.00,       0.00,             0.00, 1000000, 0.88, 1.00, 3.20 
RESULT: PGMCacheL (998583, 0.000000, 1000000),1024,61.7494,371240,8203182847,BinarySearch
RESULT: PGMCacheL (0, 0.000000, 0),    2048,     0.06, 199.98,       175.70,      0.55,       0.18,          0.28,      61.96,        0.00,      56.18,             0.01,       15.76,              0.00,       0.00,             0.00, 1000000, 0.88, 1.00, 3.23 
RESULT: PGMCacheL (998583, 0.000000, 1000000),2048,61.3658,118300,7459864351,BinarySearch
RESULT: PGMCacheL (0, 0.000000, 0),    4096,     0.06, 199.69,       175.32,      0.55,       0.19,          0.28,      63.33,        0.00,      56.25,             0.01,       15.77,              0.00,       0.00,             0.00, 1000000, 0.88, 1.00, 3.15 
RESULT: PGMCacheL (998583, 0.000000, 1000000),4096,62.7355,34000,6835225804,BinarySearch
RESULT: PGMCacheL (0, 0.000000, 0),    8192,     0.06, 201.14,       175.92,      0.56,       0.18,          0.28,      60.76,        0.00,      56.15,             0.01,       15.75,              0.00,       0.00,             0.00, 1000000, 0.87, 1.00, 3.31 
RESULT: PGMCacheL (998583, 0.000000, 1000000),8192,60.1656,9480,6364275952,BinarySearch
RESULT: PGMCacheR (0, 0.000000, 0),      16,     0.06, 199.46,       175.56,      0.53,       0.18,          0.28,      61.80,        0.00,      56.17,             0.01,       15.75,              0.00,       0.00,             0.00, 1000000, 0.88, 1.00, 3.23 
RESULT: PGMCacheR (998583, 0.000000, 1000000),16,61.2072,43774340,11323033651,BinarySearch
RESULT: PGMCacheR (0, 0.000000, 0),       4,     0.06, 199.91,       175.63,      0.54,       0.18,          0.28,      61.94,        0.00,      56.21,             0.01,       15.76,              0.00,       0.00,             0.00, 1000000, 0.88, 1.00, 3.23 
RESULT: PGMCacheR (998583, 0.000000, 1000000),4,61.3443,173185840,12921247003,BinarySearch
RESULT: PGMCacheR (0, 0.000000, 0),       8,     0.06, 200.79,       175.90,      0.53,       0.18,          0.27,      60.86,        0.00,      56.13,             0.01,       15.74,              0.00,       0.00,             0.00, 1000000, 0.88, 1.00, 3.30 
RESULT: PGMCacheR (998583, 0.000000, 1000000),8,60.2614,87810600,12006625509,BinarySearch
RESULT: PGMCacheR (0, 0.000000, 0),      32,     0.06, 199.33,       175.34,      0.54,       0.18,          0.28,      63.22,        0.00,      56.27,             0.01,       15.78,              0.00,       0.00,             0.00, 1000000, 0.88, 1.00, 3.15 
RESULT: PGMCacheR (998583, 0.000000, 1000000),32,62.6243,21637000,10566118627,BinarySearch
RESULT: PGMCacheR (0, 0.000000, 0),      64,     0.06, 200.06,       175.39,      0.54,       0.19,          0.28,      63.09,        0.00,      56.34,             0.01,       15.79,              0.00,       0.00,             0.00, 1000000, 0.88, 1.00, 3.17 
RESULT: PGMCacheR (998583, 0.000000, 1000000),64,62.5028,10639720,10212545555,BinarySearch
RESULT: PGMCacheR (0, 0.000000, 0),     256,     0.06, 198.53,       174.94,      0.54,       0.18,          0.28,      62.48,        0.00,      56.36,             0.01,       15.80,              0.00,       0.00,             0.00, 1000000, 0.88, 1.00, 3.18 
RESULT: PGMCacheR (998583, 0.000000, 1000000),256,61.9115,2413440,9439081776,BinarySearch
RESULT: PGMCacheR (0, 0.000000, 0),    1024,     0.06, 199.28,       175.29,      0.55,       0.19,          0.28,      63.21,        0.00,      56.27,             0.01,       15.78,              0.00,       0.00,             0.00, 1000000, 0.88, 1.00, 3.15 
RESULT: PGMCacheR (998583, 0.000000, 1000000),1024,62.6042,371240,8202976304,BinarySearch
RESULT: PGMCacheR (0, 0.000000, 0),    2048,     0.06, 207.39,       175.38,      0.55,       0.19,          0.28,      64.64,        0.00,      56.46,             0.01,       15.82,              0.00,       0.00,             0.00, 1000000, 0.85, 1.00, 3.21 
RESULT: PGMCacheR (998583, 0.000000, 1000000),2048,64.0493,118300,7462805458,BinarySearch
RESULT: PGMCacheR (0, 0.000000, 0),    4096,     0.06, 201.05,       175.58,      0.54,       0.18,          0.28,      61.16,        0.00,      56.28,             0.01,       15.78,              0.00,       0.00,             0.00, 1000000, 0.87, 1.00, 3.29 
RESULT: PGMCacheR (998583, 0.000000, 1000000),4096,60.5822,34000,6836056587,BinarySearch
RESULT: PGMCacheR (0, 0.000000, 0),    8192,     0.06, 198.76,       175.10,      0.56,       0.18,          0.28,      61.52,        0.00,      56.24,             0.01,       15.77,              0.00,       0.00,             0.00, 1000000, 0.88, 1.00, 3.23 
RESULT: PGMCacheR (998583, 0.000000, 1000000),8192,60.9417,9480,6365933157,BinarySearch
