Repeating lookup code 1 time(s).
Using 1 thread(s).
read 200000000 values from ./data/fb_200M_uint64 in 778 ms (257.069 M values/s)
data is unique
read 10000 values from ./data/fb_200M_uint64_equality_lookups_zipf_10K_3 in 0 ms (inf M values/s)
index, variant, time sec, cycles, instructions, L1-misses, LLC-misses, branch-misses, task-clock, page-faults, DTLB-loads, DTLB-load-misses, DTLB-stores, DTLB-store-misses, ITLB_loads, ITLB_load-misses, scale,  IPC, CPUs,  GHz 
RESULT:   PGM,      16,     0.00, 375.72,       249.82,     14.90,      14.68,          0.55,     156.91,        0.00,      64.93,             0.10,       65.74,              0.27,       -nan,             -nan, 10000, 0.66, 1.07, 2.39 
RESULT: PGM,16,95.399,43774340,11361859739,BinarySearch
RESULT:   PGM,       4,     0.00, 419.11,       275.13,     14.73,      14.54,          0.47,     174.25,        0.00,      73.27,             0.07,       64.59,              0.26,       -nan,             -nan, 10000, 0.66, 1.06, 2.41 
RESULT: PGM,4,114.19,173185840,12800170384,BinarySearch
RESULT:   PGM,       8,     0.00, 385.76,       259.68,     14.71,      14.51,          0.46,     160.85,        0.00,      68.15,             0.07,       64.56,              0.27,       -nan,             -nan, 10000, 0.67, 1.07, 2.40 
RESULT: PGM,8,101.151,87810600,12004471575,BinarySearch
RESULT:   PGM,      32,     0.00, 359.64,       255.76,     14.71,      14.51,          0.47,     150.50,        0.00,      64.15,             0.07,       64.55,              0.26,       -nan,             -nan, 10000, 0.71, 1.07, 2.39 
RESULT: PGM,32,90.7996,21637000,10582422153,BinarySearch
RESULT:   PGM,      64,     0.00, 396.71,       290.84,     14.71,      14.51,          0.44,     165.28,        0.00,      70.98,             0.07,       64.56,              0.27,       -nan,             -nan, 10000, 0.73, 1.06, 2.40 
RESULT: PGM,64,105.229,10639720,10177993523,BinarySearch
RESULT:   PGM,     256,     0.00, 364.35,       286.75,     14.71,      14.51,          0.52,     152.35,        0.00,      66.96,             0.07,       64.54,              0.27,       -nan,             -nan, 10000, 0.79, 1.07, 2.39 
RESULT: PGM,256,94.1473,2413440,9416265735,BinarySearch
RESULT:   PGM,    1024,     0.00, 336.43,       282.84,     14.71,      14.51,          0.51,     141.06,        0.00,      62.98,             0.07,       64.56,              0.27,       -nan,             -nan, 10000, 0.84, 1.08, 2.38 
RESULT: PGM,1024,82.7088,371240,8176340135,BinarySearch
RESULT:   PGM,    2048,     0.00, 377.34,       319.81,     14.71,      14.52,          0.45,     157.54,        0.00,      69.98,             0.07,       64.56,              0.26,       -nan,             -nan, 10000, 0.85, 1.07, 2.40 
RESULT: PGM,2048,96.9462,118300,7438153254,BinarySearch
RESULT:   PGM,    4096,     0.00, 343.00,       293.85,     14.71,      14.53,          0.44,     138.28,        0.00,      60.99,             0.07,       63.56,              0.27,       -nan,             -nan, 10000, 0.86, 1.07, 2.48 
RESULT: PGM,4096,79.1536,34000,6805640598,BinarySearch
RESULT:   PGM,    8192,     0.00, 344.91,       316.30,     14.71,      14.52,          0.43,     144.58,        0.00,      66.01,             0.07,       64.54,              0.27,       -nan,             -nan, 10000, 0.92, 1.07, 2.39 
RESULT: PGM,8192,84.4272,9480,6340223918,BinarySearch
RESULT: PGMCacheL (0, 0.000000, 0),      16,     0.00, 325.62,       174.94,     14.79,      14.55,          0.42,     136.71,        0.00,      57.62,             0.09,       75.22,              0.27,       -nan,             -nan, 10000, 0.54, 1.08, 2.38 
RESULT: PGMCacheL (9970, 0.000000, 10000),16,78.3635,43774340,11330656110,BinarySearch
RESULT: PGMCacheL (0, 0.000000, 0),       4,     0.00, 319.22,       171.78,     14.73,      14.53,          0.40,     134.27,        0.00,      56.70,             0.08,       74.70,              0.26,       -nan,             -nan, 10000, 0.54, 1.08, 2.38 
RESULT: PGMCacheL (9970, 0.000000, 10000),4,75.8617,173185840,12933072201,BinarySearch
RESULT: PGMCacheL (0, 0.000000, 0),       8,     0.00, 320.51,       172.24,     14.74,      14.54,          0.41,     134.81,        0.00,      56.87,             0.08,       74.78,              0.27,       -nan,             -nan, 10000, 0.54, 1.08, 2.38 
RESULT: PGMCacheL (9970, 0.000000, 10000),8,76.7703,87810600,12021409218,BinarySearch
RESULT: PGMCacheL (0, 0.000000, 0),      32,     0.00, 318.19,       171.56,     14.73,      14.51,          0.40,     133.82,        0.00,      56.65,             0.08,       74.68,              0.26,       -nan,             -nan, 10000, 0.54, 1.08, 2.38 
RESULT: PGMCacheL (9970, 0.000000, 10000),32,75.6069,21637000,10576950299,BinarySearch
RESULT: PGMCacheL (0, 0.000000, 0),      64,     0.00, 320.49,       171.57,     14.73,      14.52,          0.40,     134.72,        0.00,      56.65,             0.08,       74.67,              0.26,       -nan,             -nan, 10000, 0.54, 1.08, 2.38 
RESULT: PGMCacheL (9970, 0.000000, 10000),64,75.8222,10639720,10229282842,BinarySearch
RESULT: PGMCacheL (0, 0.000000, 0),     256,     0.00, 323.34,       172.20,     14.74,      14.53,          0.41,     135.93,        0.00,      56.85,             0.08,       74.77,              0.27,       -nan,             -nan, 10000, 0.53, 1.08, 2.38 
RESULT: PGMCacheL (9970, 0.000000, 10000),256,77.1887,2413440,9461091412,BinarySearch
RESULT: PGMCacheL (0, 0.000000, 0),    1024,     0.00, 318.04,       171.58,     14.73,      14.51,          0.40,     133.75,        0.00,      56.63,             0.07,       74.67,              0.27,       -nan,             -nan, 10000, 0.54, 1.08, 2.38 
RESULT: PGMCacheL (9970, 0.000000, 10000),1024,75.6208,371240,8213698126,BinarySearch
RESULT: PGMCacheL (0, 0.000000, 0),    2048,     0.00, 323.83,       171.65,     14.73,      14.52,          0.41,     136.01,        0.00,      56.65,             0.08,       74.67,              0.26,       -nan,             -nan, 10000, 0.53, 1.08, 2.38 
RESULT: PGMCacheL (9970, 0.000000, 10000),2048,76.1366,118300,7470062347,BinarySearch
RESULT: PGMCacheL (0, 0.000000, 0),    4096,     0.00, 324.34,       172.92,     14.75,      14.54,          0.42,     136.23,        0.00,      56.92,             0.08,       74.87,              0.26,       -nan,             -nan, 10000, 0.53, 1.08, 2.38 
RESULT: PGMCacheL (9970, 0.000000, 10000),4096,76.6428,34000,6842492109,BinarySearch
RESULT: PGMCacheL (0, 0.000000, 0),    8192,     0.00, 327.10,       172.42,     14.73,      14.52,          0.40,     137.46,        0.00,      56.75,             0.08,       74.79,              0.26,       -nan,             -nan, 10000, 0.53, 1.08, 2.38 
RESULT: PGMCacheL (9970, 0.000000, 10000),8192,77.1329,9480,6372372772,BinarySearch
RESULT: PGMCacheR (0, 0.000000, 0),      16,     0.00, 328.08,       173.91,     14.75,      14.54,          0.42,     137.82,        0.00,      57.30,             0.08,       75.04,              0.27,       -nan,             -nan, 10000, 0.53, 1.08, 2.38 
RESULT: PGMCacheR (9970, 0.000000, 10000),16,77.749,43774340,11328101772,BinarySearch
RESULT: PGMCacheR (0, 0.000000, 0),       4,     0.00, 322.76,       172.14,     14.72,      14.52,          0.41,     135.74,        0.00,      56.74,             0.08,       74.76,              0.26,       -nan,             -nan, 10000, 0.53, 1.08, 2.38 
RESULT: PGMCacheR (9970, 0.000000, 10000),4,75.7986,173185840,12932455299,BinarySearch
RESULT: PGMCacheR (0, 0.000000, 0),       8,     0.00, 322.08,       172.14,     14.73,      14.51,          0.40,     135.31,        0.00,      56.73,             0.08,       74.77,              0.27,       -nan,             -nan, 10000, 0.53, 1.08, 2.38 
RESULT: PGMCacheR (9970, 0.000000, 10000),8,75.2298,87810600,12023602597,BinarySearch
RESULT: PGMCacheR (0, 0.000000, 0),      32,     0.00, 323.52,       172.11,     14.73,      14.51,          0.40,     136.05,        0.00,      56.72,             0.08,       74.78,              0.26,       -nan,             -nan, 10000, 0.53, 1.08, 2.38 
RESULT: PGMCacheR (9970, 0.000000, 10000),32,75.5654,21637000,10577006381,BinarySearch
RESULT: PGMCacheR (0, 0.000000, 0),      64,     0.00, 326.29,       172.79,     14.74,      14.52,          0.42,     136.95,        0.00,      56.93,             0.08,       74.85,              0.26,       -nan,             -nan, 10000, 0.53, 1.08, 2.38 
RESULT: PGMCacheR (9970, 0.000000, 10000),64,77.124,10639720,10228058604,BinarySearch
RESULT: PGMCacheR (0, 0.000000, 0),     256,     0.00, 325.57,       172.73,     14.74,      14.54,          0.41,     131.62,        0.00,      56.91,             0.08,       74.85,              0.27,       -nan,             -nan, 10000, 0.53, 1.08, 2.47 
RESULT: PGMCacheR (9970, 0.000000, 10000),256,74.0772,2413440,9449700471,BinarySearch
RESULT: PGMCacheR (0, 0.000000, 0),    1024,     0.00, 324.24,       172.12,     14.73,      14.52,          0.40,     136.33,        0.00,      56.71,             0.08,       74.77,              0.27,       -nan,             -nan, 10000, 0.53, 1.08, 2.38 
RESULT: PGMCacheR (9970, 0.000000, 10000),1024,75.6644,371240,8231160077,BinarySearch
RESULT: PGMCacheR (0, 0.000000, 0),    2048,     0.00, 324.18,       172.41,     14.73,      14.51,          0.40,     136.24,        0.00,      56.76,             0.08,       74.79,              0.27,       -nan,             -nan, 10000, 0.53, 1.08, 2.38 
RESULT: PGMCacheR (9970, 0.000000, 10000),2048,76,118300,7470562528,BinarySearch
RESULT: PGMCacheR (0, 0.000000, 0),    4096,     0.00, 323.34,       172.82,     14.74,      14.55,          0.42,     135.76,        0.00,      56.91,             0.08,       74.86,              0.26,       -nan,             -nan, 10000, 0.53, 1.08, 2.38 
RESULT: PGMCacheR (9970, 0.000000, 10000),4096,77.2198,34000,6857989118,BinarySearch
RESULT: PGMCacheR (0, 0.000000, 0),    8192,     0.00, 318.74,       172.18,     14.73,      14.51,          0.40,     133.97,        0.00,      56.70,             0.08,       74.76,              0.27,       -nan,             -nan, 10000, 0.54, 1.08, 2.38 
RESULT: PGMCacheR (9970, 0.000000, 10000),8192,75.7409,9480,6383592820,BinarySearch
