Repeating lookup code 1 time(s).
Using 1 thread(s).
read 200000000 values from ./data/fb_200M_uint64 in 770 ms (259.74 M values/s)
data is unique
read 50000 values from ./data/fb_200M_uint64_equality_lookups_zipf_50K_3 in 4 ms (12.5 M values/s)
index, variant, time sec, cycles, instructions, L1-misses, LLC-misses, branch-misses, task-clock, page-faults, DTLB-loads, DTLB-load-misses, DTLB-stores, DTLB-store-misses, ITLB_loads, ITLB_load-misses, scale,  IPC, CPUs,  GHz 
RESULT:   PGM,      16,     0.00, 223.89,       236.21,      3.19,       2.95,          0.28,      91.28,        0.00,      60.94,             0.02,       17.19,              0.05,       0.00,             -nan, 50000, 1.06, 1.02, 2.45 
RESULT: PGM,16,79.1257,43774340,11254979144,BinarySearch
RESULT:   PGM,       4,     0.01, 281.89,       266.54,      3.16,       2.93,          0.28,     114.87,        0.00,      70.72,             0.02,       16.95,              0.05,       0.00,             -nan, 50000, 0.95, 1.02, 2.45 
RESULT: PGM,4,102.968,173185840,12763845804,BinarySearch
RESULT:   PGM,       8,     0.01, 251.86,       251.34,      3.15,       2.92,          0.28,     102.65,        0.00,      65.68,             0.02,       16.94,              0.05,       0.00,             -nan, 50000, 1.00, 1.02, 2.45 
RESULT: PGM,8,90.7029,87810600,11997067315,BinarySearch
RESULT:   PGM,      32,     0.00, 226.30,       247.38,      3.15,       2.92,          0.28,      92.25,        0.00,      61.69,             0.02,       16.95,              0.05,       0.00,             -nan, 50000, 1.09, 1.02, 2.45 
RESULT: PGM,32,80.3091,21637000,10572406609,BinarySearch
RESULT:   PGM,      64,     0.01, 262.14,       282.52,      3.15,       2.92,          0.26,     106.83,        0.00,      68.52,             0.02,       16.95,              0.05,       0.00,             -nan, 50000, 1.08, 1.02, 2.45 
RESULT: PGM,64,94.8721,10639720,10153875303,BinarySearch
RESULT:   PGM,     256,     0.00, 233.51,       278.50,      3.15,       2.92,          0.32,      95.15,        0.00,      64.52,             0.02,       16.94,              0.05,       0.02,             -nan, 50000, 1.19, 1.02, 2.45 
RESULT: PGM,256,83.6074,2413440,9403832440,BinarySearch
RESULT:   PGM,    1024,     0.00, 204.89,       274.51,      3.15,       2.91,          0.32,      83.47,        0.00,      60.52,             0.02,       16.94,              0.05,       0.01,             -nan, 50000, 1.34, 1.02, 2.45 
RESULT: PGM,1024,71.9801,371240,8168756516,BinarySearch
RESULT:   PGM,    2048,     0.00, 240.80,       311.52,      3.15,       2.92,          0.25,      98.15,        0.00,      67.52,             0.02,       16.95,              0.05,       0.00,             -nan, 50000, 1.29, 1.02, 2.45 
RESULT: PGM,2048,86.2369,118300,7423324524,BinarySearch
RESULT:   PGM,    4096,     0.00, 204.81,       285.54,      3.15,       2.92,          0.25,      83.48,        0.00,      58.52,             0.02,       15.95,              0.05,       0.00,             -nan, 50000, 1.39, 1.02, 2.45 
RESULT: PGM,4096,71.5407,34000,6795582397,BinarySearch
RESULT:   PGM,    8192,     0.00, 210.82,       308.07,      3.16,       2.92,          0.26,      85.90,        0.00,      63.57,             0.02,       16.94,              0.05,       0.00,             -nan, 50000, 1.46, 1.02, 2.45 
RESULT: PGM,8192,74.0444,9480,6332011971,BinarySearch
RESULT: PGMCacheL (0, 0.000000, 0),      16,     0.01, 236.45,       184.94,      3.18,       2.93,          0.12,     104.21,        0.00,      58.83,             0.02,       27.12,              0.05,       0.00,             -nan, 50000, 0.78, 1.02, 2.27 
RESULT: PGMCacheL (49954, 0.000000, 50000),16,92.2305,43774340,11303756003,BinarySearch
RESULT: PGMCacheL (0, 0.000000, 0),       4,     0.00, 234.12,       184.09,      3.16,       2.92,          0.12,      99.44,        0.00,      58.59,             0.02,       26.98,              0.05,       0.00,             -nan, 50000, 0.79, 1.02, 2.35 
RESULT: PGMCacheL (49954, 0.000000, 50000),4,87.701,173185840,12959096266,BinarySearch
RESULT: PGMCacheL (0, 0.000000, 0),       8,     0.00, 237.49,       184.20,      3.16,       2.92,          0.12,      96.74,        0.00,      58.63,             0.02,       27.00,              0.05,       0.00,             -nan, 50000, 0.78, 1.02, 2.45 
RESULT: PGMCacheL (49954, 0.000000, 50000),8,85.121,87810600,12017846300,BinarySearch
RESULT: PGMCacheL (0, 0.000000, 0),      32,     0.00, 235.58,       184.07,      3.16,       2.92,          0.12,      96.01,        0.00,      58.58,             0.02,       26.98,              0.05,       0.00,             -nan, 50000, 0.78, 1.02, 2.45 
RESULT: PGMCacheL (49954, 0.000000, 50000),32,84.4567,21637000,10628170076,BinarySearch
RESULT: PGMCacheL (0, 0.000000, 0),      64,     0.00, 237.69,       184.23,      3.17,       2.92,          0.12,      96.82,        0.00,      58.63,             0.02,       27.00,              0.05,       0.00,             -nan, 50000, 0.78, 1.02, 2.46 
RESULT: PGMCacheL (49954, 0.000000, 50000),64,85.282,10639720,10216922834,BinarySearch
RESULT: PGMCacheL (0, 0.000000, 0),     256,     0.00, 238.15,       184.08,      3.16,       2.91,          0.12,      93.28,        0.00,      58.58,             0.02,       26.98,              0.05,       0.00,             -nan, 50000, 0.77, 1.02, 2.55 
RESULT: PGMCacheL (49954, 0.000000, 50000),256,81.9187,2413440,9444344965,BinarySearch
RESULT: PGMCacheL (0, 0.000000, 0),    1024,     0.00, 235.83,       184.13,      3.16,       2.92,          0.12,      96.09,        0.00,      58.59,             0.02,       26.99,              0.05,       0.00,             -nan, 50000, 0.78, 1.02, 2.45 
RESULT: PGMCacheL (49954, 0.000000, 50000),1024,84.4803,371240,8197601705,BinarySearch
RESULT: PGMCacheL (0, 0.000000, 0),    2048,     0.00, 238.50,       184.20,      3.17,       2.93,          0.12,      97.18,        0.00,      58.61,             0.02,       27.01,              0.05,       0.00,             -nan, 50000, 0.77, 1.02, 2.45 
RESULT: PGMCacheL (49954, 0.000000, 50000),2048,85.248,118300,7463271387,BinarySearch
RESULT: PGMCacheL (0, 0.000000, 0),    4096,     0.00, 238.16,       184.40,      3.17,       2.92,          0.12,      97.08,        0.00,      58.64,             0.02,       27.03,              0.05,       0.00,             -nan, 50000, 0.77, 1.02, 2.45 
RESULT: PGMCacheL (49954, 0.000000, 50000),4096,85.1283,34000,6840605630,BinarySearch
RESULT: PGMCacheL (0, 0.000000, 0),    8192,     0.00, 237.33,       184.28,      3.17,       2.92,          0.12,      96.73,        0.00,      58.60,             0.02,       27.01,              0.05,       0.00,             -nan, 50000, 0.78, 1.02, 2.45 
RESULT: PGMCacheL (49954, 0.000000, 50000),8192,84.8442,9480,6367798469,BinarySearch
RESULT: PGMCacheR (0, 0.000000, 0),      16,     0.00, 237.38,       184.47,      3.17,       2.92,          0.12,      96.75,        0.00,      58.68,             0.02,       27.05,              0.05,       0.00,             -nan, 50000, 0.78, 1.02, 2.45 
RESULT: PGMCacheR (49954, 0.000000, 50000),16,84.816,43774340,11327389994,BinarySearch
RESULT: PGMCacheR (0, 0.000000, 0),       4,     0.00, 236.55,       184.37,      3.17,       2.92,          0.12,      96.42,        0.00,      58.65,             0.02,       27.03,              0.05,       0.00,             -nan, 50000, 0.78, 1.02, 2.45 
RESULT: PGMCacheR (49954, 0.000000, 50000),4,84.4647,173185840,12974809289,BinarySearch
RESULT: PGMCacheR (0, 0.000000, 0),       8,     0.00, 236.80,       184.23,      3.16,       2.92,          0.12,      96.50,        0.00,      58.61,             0.02,       27.01,              0.05,       0.00,             -nan, 50000, 0.78, 1.02, 2.45 
RESULT: PGMCacheR (49954, 0.000000, 50000),8,84.5911,87810600,12033704842,BinarySearch
RESULT: PGMCacheR (0, 0.000000, 0),      32,     0.00, 235.88,       184.22,      3.16,       2.92,          0.12,      96.12,        0.00,      58.60,             0.02,       27.01,              0.05,       0.00,             -nan, 50000, 0.78, 1.02, 2.45 
RESULT: PGMCacheR (49954, 0.000000, 50000),32,84.2229,21637000,10567966043,BinarySearch
RESULT: PGMCacheR (0, 0.000000, 0),      64,     0.00, 239.21,       184.28,      3.16,       2.92,          0.12,      93.68,        0.00,      58.61,             0.02,       27.01,              0.05,       0.00,             -nan, 50000, 0.77, 1.02, 2.55 
RESULT: PGMCacheR (49954, 0.000000, 50000),64,81.9723,10639720,10223602797,BinarySearch
RESULT: PGMCacheR (0, 0.000000, 0),     256,     0.00, 235.78,       184.37,      3.17,       2.92,          0.12,      96.07,        0.00,      58.64,             0.02,       27.03,              0.05,       0.00,             -nan, 50000, 0.78, 1.02, 2.45 
RESULT: PGMCacheR (49954, 0.000000, 50000),256,84.4864,2413440,9451409578,BinarySearch
RESULT: PGMCacheR (0, 0.000000, 0),    1024,     0.00, 236.27,       184.25,      3.16,       2.92,          0.12,      96.30,        0.00,      58.60,             0.02,       27.01,              0.05,       0.00,             -nan, 50000, 0.78, 1.02, 2.45 
RESULT: PGMCacheR (49954, 0.000000, 50000),1024,84.4025,371240,8196431302,BinarySearch
RESULT: PGMCacheR (0, 0.000000, 0),    2048,     0.00, 236.27,       184.27,      3.17,       2.91,          0.12,      96.30,        0.00,      58.60,             0.02,       27.01,              0.05,       0.00,             -nan, 50000, 0.78, 1.02, 2.45 
RESULT: PGMCacheR (49954, 0.000000, 50000),2048,84.3701,118300,7460696920,BinarySearch
RESULT: PGMCacheR (0, 0.000000, 0),    4096,     0.00, 238.02,       184.40,      3.17,       2.92,          0.12,      97.00,        0.00,      58.64,             0.02,       27.03,              0.05,       0.00,             -nan, 50000, 0.77, 1.02, 2.45 
RESULT: PGMCacheR (49954, 0.000000, 50000),4096,85.3442,34000,6835287114,BinarySearch
RESULT: PGMCacheR (0, 0.000000, 0),    8192,     0.00, 235.49,       184.28,      3.17,       2.91,          0.12,      95.96,        0.00,      58.60,             0.02,       27.01,              0.05,       0.00,             -nan, 50000, 0.78, 1.02, 2.45 
RESULT: PGMCacheR (49954, 0.000000, 50000),8192,84.2882,9480,6364695272,BinarySearch
