Repeating lookup code 1 time(s).
Using 1 thread(s).
read 200000000 values from ./data/fb_200M_uint64 in 774 ms (258.398 M values/s)
data is unique
read 500000 values from ./data/fb_200M_uint64_equality_lookups_zipf_500K_3 in 3 ms (166.667 M values/s)
index, variant, time sec, cycles, instructions, L1-misses, LLC-misses, branch-misses, task-clock, page-faults, DTLB-loads, DTLB-load-misses, DTLB-stores, DTLB-store-misses, ITLB_loads, ITLB_load-misses,  scale,  IPC, CPUs,  GHz 
RESULT:   PGM,      16,     0.03, 198.39,       234.14,      0.64,       0.40,          0.21,      63.45,        0.00,      57.62,             0.01,        6.23,              0.01,       0.00,             0.00, 500000, 1.18, 1.00, 3.13 
RESULT: PGM,16,62.2282,43774340,11278221738,BinarySearch
RESULT:   PGM,       4,     0.04, 262.92,       268.57,      0.62,       0.37,          0.23,      83.45,        0.00,      68.40,             0.01,        6.34,              0.01,       0.00,             0.00, 500000, 1.02, 1.00, 3.15 
RESULT: PGM,4,82.256,173185840,12793790493,BinarySearch
RESULT:   PGM,       8,     0.04, 241.37,       260.87,      0.63,       0.39,          0.23,      73.21,        0.00,      62.63,             0.01,        6.29,              0.01,       0.00,             0.00, 500000, 1.08, 1.00, 3.30 
RESULT: PGM,8,72.0738,87810600,11988565277,BinarySearch
RESULT:   PGM,      32,     0.03, 205.90,       248.86,      0.64,       0.39,          0.23,      65.98,        0.00,      57.69,             0.00,        6.21,              0.01,       0.00,             0.00, 500000, 1.21, 1.00, 3.12 
RESULT: PGM,32,64.783,21637000,10602234661,BinarySearch
RESULT:   PGM,      64,     0.04, 242.05,       284.09,      0.62,       0.38,          0.22,      78.21,        0.00,      65.80,             0.01,        6.34,              0.01,       0.02,             0.00, 500000, 1.17, 1.00, 3.09 
RESULT: PGM,64,77.008,10639720,10160413570,BinarySearch
RESULT:   PGM,     256,     0.03, 213.13,       279.41,      0.63,       0.39,          0.28,      69.66,        0.00,      61.27,             0.01,        6.25,              0.01,       0.09,             0.00, 500000, 1.31, 1.00, 3.06 
RESULT: PGM,256,68.5017,2413440,9412579585,BinarySearch
RESULT:   PGM,    1024,     0.03, 183.01,       276.31,      0.66,       0.41,          0.26,      59.24,        0.00,      57.53,             0.00,        6.21,              0.01,       0.02,             0.00, 500000, 1.51, 1.00, 3.09 
RESULT: PGM,1024,58.1136,371240,8176222668,BinarySearch
RESULT:   PGM,    2048,     0.03, 221.09,       312.39,      0.62,       0.39,          0.23,      70.06,        0.00,      64.82,             0.01,        6.27,              0.01,       0.00,             0.00, 500000, 1.41, 1.00, 3.16 
RESULT: PGM,2048,68.8657,118300,7433600855,BinarySearch
RESULT:   PGM,    4096,     0.03, 183.74,       284.62,      0.64,       0.42,          0.20,      56.55,        0.00,      56.27,             0.01,        5.21,              0.01,       0.00,             0.00, 500000, 1.55, 1.00, 3.25 
RESULT: PGM,4096,55.3596,34000,6803597900,BinarySearch
RESULT:   PGM,    8192,     0.03, 189.74,       308.41,      0.64,       0.41,          0.20,      60.05,        0.00,      60.62,             0.01,        6.21,              0.01,       0.00,             0.00, 500000, 1.63, 1.00, 3.16 
RESULT: PGM,8192,58.8671,9480,6341923976,BinarySearch
RESULT: PGMCacheL (0, 0.000000, 0),      16,     0.03, 203.19,       177.61,      0.66,       0.40,          0.14,      65.58,        0.00,      54.70,             0.01,       16.24,              0.01,       0.00,             0.00, 500000, 0.87, 1.00, 3.10 
RESULT: PGMCacheL (499906, 0.000000, 500000),16,64.4298,43774340,11336562334,BinarySearch
RESULT: PGMCacheL (0, 0.000000, 0),       4,     0.03, 204.86,       176.95,      0.66,       0.40,          0.14,      66.36,        0.00,      54.79,             0.01,       16.24,              0.01,       0.00,             0.00, 500000, 0.86, 1.00, 3.09 
RESULT: PGMCacheL (499906, 0.000000, 500000),4,65.1792,173185840,12947265647,BinarySearch
RESULT: PGMCacheL (0, 0.000000, 0),       8,     0.03, 204.03,       177.20,      0.65,       0.39,          0.14,      66.52,        0.00,      55.11,             0.01,       16.23,              0.01,       0.00,             0.00, 500000, 0.87, 1.00, 3.07 
RESULT: PGMCacheL (499906, 0.000000, 500000),8,65.3725,87810600,12024784344,BinarySearch
RESULT: PGMCacheL (0, 0.000000, 0),      32,     0.03, 202.72,       176.92,      0.65,       0.39,          0.14,      66.63,        0.00,      55.26,             0.01,       16.25,              0.01,       0.00,             0.00, 500000, 0.87, 1.00, 3.04 
RESULT: PGMCacheL (499906, 0.000000, 500000),32,65.4738,21637000,10583570855,BinarySearch
RESULT: PGMCacheL (0, 0.000000, 0),      64,     0.03, 211.58,       179.03,      0.64,       0.40,          0.14,      64.96,        0.00,      54.71,             0.01,       16.24,              0.01,       0.00,             0.00, 500000, 0.85, 1.00, 3.26 
RESULT: PGMCacheL (499906, 0.000000, 500000),64,63.7359,10639720,10232672680,BinarySearch
RESULT: PGMCacheL (0, 0.000000, 0),     256,     0.03, 205.71,       177.69,      0.66,       0.40,          0.14,      66.15,        0.00,      54.99,             0.01,       16.23,              0.01,       0.00,             0.00, 500000, 0.86, 1.00, 3.11 
RESULT: PGMCacheL (499906, 0.000000, 500000),256,64.9923,2413440,9455021973,BinarySearch
RESULT: PGMCacheL (0, 0.000000, 0),    1024,     0.03, 203.41,       176.62,      0.65,       0.40,          0.14,      64.92,        0.00,      55.72,             0.01,       16.25,              0.01,       0.00,             0.00, 500000, 0.87, 1.00, 3.13 
RESULT: PGMCacheL (499906, 0.000000, 500000),1024,63.7668,371240,8212183227,BinarySearch
RESULT: PGMCacheL (0, 0.000000, 0),    2048,     0.03, 202.89,       176.80,      0.65,       0.39,          0.14,      66.68,        0.00,      55.18,             0.01,       16.25,              0.01,       0.00,             0.00, 500000, 0.87, 1.00, 3.04 
RESULT: PGMCacheL (499906, 0.000000, 500000),2048,65.487,118300,7473254583,BinarySearch
RESULT: PGMCacheL (0, 0.000000, 0),    4096,     0.03, 214.77,       177.14,      0.63,       0.39,          0.14,      67.19,        0.00,      54.14,             0.01,       16.21,              0.01,       0.00,             0.00, 500000, 0.82, 1.00, 3.20 
RESULT: PGMCacheL (499906, 0.000000, 500000),4096,65.6692,34000,6844133876,BinarySearch
RESULT: PGMCacheL (0, 0.000000, 0),    8192,     0.03, 206.37,       177.05,      0.65,       0.40,          0.14,      62.91,        0.00,      55.42,             0.01,       16.22,              0.01,       0.00,             0.00, 500000, 0.86, 1.00, 3.28 
RESULT: PGMCacheL (499906, 0.000000, 500000),8192,61.728,9480,6374121277,BinarySearch
RESULT: PGMCacheR (0, 0.000000, 0),      16,     0.03, 205.99,       177.02,      0.65,       0.40,          0.14,      62.78,        0.00,      55.41,             0.01,       16.22,              0.01,       0.00,             0.00, 500000, 0.86, 1.00, 3.28 
RESULT: PGMCacheR (499906, 0.000000, 500000),16,61.6138,43774340,11329610164,BinarySearch
RESULT: PGMCacheR (0, 0.000000, 0),       4,     0.03, 203.55,       176.53,      0.65,       0.40,          0.14,      64.95,        0.00,      55.72,             0.01,       16.25,              0.01,       0.00,             0.00, 500000, 0.87, 1.00, 3.13 
RESULT: PGMCacheR (499906, 0.000000, 500000),4,63.7684,173185840,12945557711,BinarySearch
RESULT: PGMCacheR (0, 0.000000, 0),       8,     0.03, 203.82,       176.81,      0.65,       0.39,          0.14,      66.94,        0.00,      55.30,             0.01,       16.25,              0.01,       0.00,             0.00, 500000, 0.87, 1.00, 3.04 
RESULT: PGMCacheR (499906, 0.000000, 500000),8,65.7414,87810600,12026348394,BinarySearch
RESULT: PGMCacheR (0, 0.000000, 0),      32,     0.03, 207.12,       177.65,      0.65,       0.40,          0.14,      64.34,        0.00,      54.99,             0.01,       16.23,              0.01,       0.00,             0.00, 500000, 0.86, 1.00, 3.22 
RESULT: PGMCacheR (499906, 0.000000, 500000),32,63.1206,21637000,10586499578,BinarySearch
RESULT: PGMCacheR (0, 0.000000, 0),      64,     0.03, 204.88,       178.85,      0.66,       0.40,          0.14,      65.45,        0.00,      55.14,             0.01,       16.24,              0.01,       0.00,             0.00, 500000, 0.87, 1.00, 3.13 
RESULT: PGMCacheR (499906, 0.000000, 500000),64,64.3007,10639720,10234073568,BinarySearch
RESULT: PGMCacheR (0, 0.000000, 0),     256,     0.03, 204.53,       177.58,      0.66,       0.40,          0.14,      65.97,        0.00,      54.89,             0.01,       16.24,              0.01,       0.00,             0.00, 500000, 0.87, 1.00, 3.10 
RESULT: PGMCacheR (499906, 0.000000, 500000),256,64.8354,2413440,9456346656,BinarySearch
RESULT: PGMCacheR (0, 0.000000, 0),    1024,     0.03, 203.64,       176.56,      0.65,       0.40,          0.14,      64.97,        0.00,      55.72,             0.01,       16.25,              0.01,       0.00,             0.00, 500000, 0.87, 1.00, 3.13 
RESULT: PGMCacheR (499906, 0.000000, 500000),1024,63.7904,371240,8213940190,BinarySearch
RESULT: PGMCacheR (0, 0.000000, 0),    2048,     0.03, 213.76,       184.37,      0.66,       0.40,          0.14,      65.13,        0.00,      55.03,             0.01,       16.24,              0.01,       0.00,             0.00, 500000, 0.86, 1.00, 3.28 
RESULT: PGMCacheR (499906, 0.000000, 500000),2048,64.0059,118300,7471143136,BinarySearch
RESULT: PGMCacheR (0, 0.000000, 0),    4096,     0.03, 205.53,       177.53,      0.66,       0.40,          0.14,      66.23,        0.00,      54.86,             0.01,       16.24,              0.01,       0.00,             0.00, 500000, 0.86, 1.00, 3.10 
RESULT: PGMCacheR (499906, 0.000000, 500000),4096,65.0761,34000,6843606040,BinarySearch
RESULT: PGMCacheR (0, 0.000000, 0),    8192,     0.03, 204.25,       177.60,      0.66,       0.40,          0.14,      65.88,        0.00,      54.88,             0.01,       16.24,              0.01,       0.00,             0.00, 500000, 0.87, 1.00, 3.10 
RESULT: PGMCacheR (499906, 0.000000, 500000),8192,64.7211,9480,6373277667,BinarySearch
