Repeating lookup code 1 time(s).
Using 1 thread(s).
read 200000000 values from ./data/fb_200M_uint64 in 766 ms (261.097 M values/s)
data is unique
read 50000 values from ./data/fb_200M_uint64_equality_lookups_zipf_50K_2 in 4 ms (12.5 M values/s)
index, variant, time sec, cycles, instructions, L1-misses, LLC-misses, branch-misses, task-clock, page-faults, DTLB-loads, DTLB-load-misses, DTLB-stores, DTLB-store-misses, ITLB_loads, ITLB_load-misses, scale,  IPC, CPUs,  GHz 
RESULT:   PGM,      16,     0.00, 237.63,       234.92,      3.21,       2.95,          0.72,      96.83,        0.00,      60.84,             0.03,       17.21,              0.05,       0.00,             -nan, 50000, 0.99, 1.02, 2.45 
RESULT: PGM,16,84.539,43774340,11257824495,BinarySearch
RESULT:   PGM,       4,     0.01, 297.98,       267.69,      3.17,       2.92,          0.79,     121.61,        0.00,      70.87,             0.02,       16.95,              0.05,       0.03,             -nan, 50000, 0.90, 1.02, 2.45 
RESULT: PGM,4,109.514,173185840,12768191448,BinarySearch
RESULT:   PGM,       8,     0.01, 266.77,       251.70,      3.17,       2.92,          0.75,     108.73,        0.00,      65.72,             0.02,       16.95,              0.05,       0.00,             -nan, 50000, 0.94, 1.02, 2.45 
RESULT: PGM,8,96.7129,87810600,11995756230,BinarySearch
RESULT:   PGM,      32,     0.00, 240.98,       247.62,      3.18,       2.92,          0.77,      98.21,        0.00,      61.69,             0.02,       16.95,              0.05,       0.01,             -nan, 50000, 1.03, 1.02, 2.45 
RESULT: PGM,32,86.2003,21637000,10570882148,BinarySearch
RESULT:   PGM,      64,     0.01, 275.09,       280.33,      3.18,       2.92,          0.71,     112.10,        0.00,      68.30,             0.02,       16.94,              0.05,       0.01,             -nan, 50000, 1.02, 1.02, 2.45 
RESULT: PGM,64,100.136,10639720,10158487360,BinarySearch
RESULT:   PGM,     256,     0.00, 246.32,       276.18,      3.18,       2.92,          0.79,     100.40,        0.00,      64.28,             0.02,       16.94,              0.05,       0.07,             -nan, 50000, 1.12, 1.02, 2.45 
RESULT: PGM,256,88.8336,2413440,9406637976,BinarySearch
RESULT:   PGM,    1024,     0.00, 218.21,       272.21,      3.19,       2.92,          0.76,      88.92,        0.00,      60.29,             0.02,       16.95,              0.05,       0.03,             -nan, 50000, 1.25, 1.02, 2.45 
RESULT: PGM,1024,77.3532,371240,8166524446,BinarySearch
RESULT:   PGM,    2048,     0.01, 254.03,       309.18,      3.18,       2.92,          0.71,     103.52,        0.00,      67.29,             0.02,       16.94,              0.05,       0.00,             -nan, 50000, 1.22, 1.02, 2.45 
RESULT: PGM,2048,91.6704,118300,7424224681,BinarySearch
RESULT:   PGM,    4096,     0.00, 215.31,       283.20,      3.18,       2.93,          0.73,      87.75,        0.00,      58.29,             0.02,       15.95,              0.05,       0.00,             -nan, 50000, 1.32, 1.02, 2.45 
RESULT: PGM,4096,75.8033,34000,6797994247,BinarySearch
RESULT:   PGM,    8192,     0.00, 223.25,       306.95,      3.20,       2.92,          0.71,      90.99,        0.00,      63.45,             0.02,       16.94,              0.05,       0.00,             -nan, 50000, 1.37, 1.02, 2.45 
RESULT: PGM,8192,79.1198,9480,6332221203,BinarySearch
RESULT: PGMCacheL (0, 0.000000, 0),      16,     0.00, 220.45,       175.72,      3.23,       2.94,          0.36,      89.86,        0.00,      56.85,             0.03,       27.42,              0.05,       0.00,             -nan, 50000, 0.80, 1.02, 2.45 
RESULT: PGMCacheL (49706, 0.000000, 50000),16,78.2923,43774340,11326168800,BinarySearch
RESULT: PGMCacheL (0, 0.000000, 0),       4,     0.00, 219.27,       175.47,      3.21,       2.93,          0.36,      89.37,        0.00,      56.78,             0.03,       27.34,              0.05,       0.00,             -nan, 50000, 0.80, 1.02, 2.45 
RESULT: PGMCacheL (49706, 0.000000, 50000),4,77.7608,173185840,12921684392,BinarySearch
RESULT: PGMCacheL (0, 0.000000, 0),       8,     0.00, 218.61,       175.23,      3.21,       2.92,          0.35,      89.09,        0.00,      56.70,             0.03,       27.32,              0.05,       0.00,             -nan, 50000, 0.80, 1.02, 2.45 
RESULT: PGMCacheL (49706, 0.000000, 50000),8,77.5232,87810600,11995622941,BinarySearch
RESULT: PGMCacheL (0, 0.000000, 0),      32,     0.00, 218.08,       175.14,      3.22,       2.92,          0.35,      88.90,        0.00,      56.66,             0.02,       27.32,              0.05,       0.00,             -nan, 50000, 0.80, 1.02, 2.45 
RESULT: PGMCacheL (49706, 0.000000, 50000),32,77.3188,21637000,10569350258,BinarySearch
RESULT: PGMCacheL (0, 0.000000, 0),      64,     0.00, 220.12,       175.37,      3.22,       2.92,          0.36,      89.74,        0.00,      56.71,             0.02,       27.32,              0.05,       0.00,             -nan, 50000, 0.80, 1.02, 2.45 
RESULT: PGMCacheL (49706, 0.000000, 50000),64,78.1506,10639720,10212815918,BinarySearch
RESULT: PGMCacheL (0, 0.000000, 0),     256,     0.00, 219.66,       175.42,      3.23,       2.92,          0.36,      89.52,        0.00,      56.72,             0.03,       27.34,              0.05,       0.00,             -nan, 50000, 0.80, 1.02, 2.45 
RESULT: PGMCacheL (49706, 0.000000, 50000),256,77.9615,2413440,9438439950,BinarySearch
RESULT: PGMCacheL (0, 0.000000, 0),    1024,     0.00, 218.37,       175.25,      3.23,       2.92,          0.36,      89.03,        0.00,      56.65,             0.02,       27.33,              0.05,       0.00,             -nan, 50000, 0.80, 1.02, 2.45 
RESULT: PGMCacheL (49706, 0.000000, 50000),1024,77.4118,371240,8199565039,BinarySearch
RESULT: PGMCacheL (0, 0.000000, 0),    2048,     0.00, 220.20,       175.46,      3.23,       2.93,          0.36,      89.76,        0.00,      56.69,             0.02,       27.32,              0.05,       0.00,             -nan, 50000, 0.80, 1.02, 2.45 
RESULT: PGMCacheL (49706, 0.000000, 50000),2048,77.7515,118300,7459854131,BinarySearch
RESULT: PGMCacheL (0, 0.000000, 0),    4096,     0.00, 222.88,       175.49,      3.23,       2.93,          0.36,      84.00,        0.00,      56.70,             0.03,       27.34,              0.05,       0.00,             -nan, 50000, 0.79, 1.02, 2.65 
RESULT: PGMCacheL (49706, 0.000000, 50000),4096,72.4087,34000,6844852736,BinarySearch
RESULT: PGMCacheL (0, 0.000000, 0),    8192,     0.00, 219.82,       175.45,      3.24,       2.92,          0.36,      89.62,        0.00,      56.67,             0.02,       27.32,              0.05,       0.00,             -nan, 50000, 0.80, 1.02, 2.45 
RESULT: PGMCacheL (49706, 0.000000, 50000),8192,77.6122,9480,6369840987,BinarySearch
RESULT: PGMCacheR (0, 0.000000, 0),      16,     0.00, 220.57,       175.36,      3.22,       2.92,          0.36,      89.93,        0.00,      56.75,             0.03,       27.36,              0.05,       0.00,             -nan, 50000, 0.80, 1.02, 2.45 
RESULT: PGMCacheR (49706, 0.000000, 50000),16,78.0559,43774340,11353640289,BinarySearch
RESULT: PGMCacheR (0, 0.000000, 0),       4,     0.00, 219.75,       175.33,      3.21,       2.92,          0.35,      89.55,        0.00,      56.73,             0.02,       27.32,              0.05,       0.00,             -nan, 50000, 0.80, 1.02, 2.45 
RESULT: PGMCacheR (49706, 0.000000, 50000),4,77.7051,173185840,12955354518,BinarySearch
RESULT: PGMCacheR (0, 0.000000, 0),       8,     0.00, 220.38,       175.27,      3.21,       2.92,          0.35,      89.86,        0.00,      56.71,             0.03,       27.33,              0.05,       0.00,             -nan, 50000, 0.80, 1.02, 2.45 
RESULT: PGMCacheR (49706, 0.000000, 50000),8,77.8987,87810600,12031122213,BinarySearch
RESULT: PGMCacheR (0, 0.000000, 0),      32,     0.00, 219.14,       175.14,      3.22,       2.92,          0.36,      89.32,        0.00,      56.66,             0.02,       27.32,              0.05,       0.00,             -nan, 50000, 0.80, 1.02, 2.45 
RESULT: PGMCacheR (49706, 0.000000, 50000),32,77.3787,21637000,10592964773,BinarySearch
RESULT: PGMCacheR (0, 0.000000, 0),      64,     0.00, 221.97,       175.47,      3.22,       2.92,          0.36,      86.94,        0.00,      56.74,             0.03,       27.34,              0.05,       0.00,             -nan, 50000, 0.79, 1.02, 2.55 
RESULT: PGMCacheR (49706, 0.000000, 50000),64,75.1833,10639720,10211905948,BinarySearch
RESULT: PGMCacheR (0, 0.000000, 0),     256,     0.00, 220.81,       175.40,      3.23,       2.93,          0.35,      83.25,        0.00,      56.71,             0.03,       27.34,              0.05,       0.00,             -nan, 50000, 0.79, 1.02, 2.65 
RESULT: PGMCacheR (49706, 0.000000, 50000),256,71.9392,2413440,9474410831,BinarySearch
RESULT: PGMCacheR (0, 0.000000, 0),    1024,     0.00, 219.36,       175.23,      3.23,       2.92,          0.36,      89.42,        0.00,      56.65,             0.02,       27.32,              0.05,       0.00,             -nan, 50000, 0.80, 1.02, 2.45 
RESULT: PGMCacheR (49706, 0.000000, 50000),1024,77.4023,371240,8210677594,BinarySearch
RESULT: PGMCacheR (0, 0.000000, 0),    2048,     0.00, 219.34,       175.46,      3.23,       2.92,          0.36,      89.36,        0.00,      56.69,             0.02,       27.32,              0.05,       0.00,             -nan, 50000, 0.80, 1.02, 2.45 
RESULT: PGMCacheR (49706, 0.000000, 50000),2048,77.5622,118300,7462928973,BinarySearch
RESULT: PGMCacheR (0, 0.000000, 0),    4096,     0.00, 219.26,       175.36,      3.23,       2.92,          0.36,      89.37,        0.00,      56.66,             0.02,       27.32,              0.05,       0.00,             -nan, 50000, 0.80, 1.02, 2.45 
RESULT: PGMCacheR (49706, 0.000000, 50000),4096,77.7813,34000,6834787522,BinarySearch
RESULT: PGMCacheR (0, 0.000000, 0),    8192,     0.00, 219.70,       175.45,      3.25,       2.93,          0.36,      86.05,        0.00,      56.67,             0.03,       27.32,              0.05,       0.00,             -nan, 50000, 0.80, 1.02, 2.55 
RESULT: PGMCacheR (49706, 0.000000, 50000),8192,74.687,9480,6366444469,BinarySearch
