Repeating lookup code 1 time(s).
Using 1 thread(s).
read 200000000 values from ./data/fb_200M_uint64 in 768 ms (260.417 M values/s)
data is unique
read 50000 values from ./data/fb_200M_uint64_equality_lookups_zipf_50K_1 in 27 ms (1.85185 M values/s)
index, variant, time sec, cycles, instructions, L1-misses, LLC-misses, branch-misses, task-clock, page-faults, DTLB-loads, DTLB-load-misses, DTLB-stores, DTLB-store-misses, ITLB_loads, ITLB_load-misses, scale,  IPC, CPUs,  GHz 
RESULT:   PGM,      16,     0.01, 257.87,       235.93,      3.35,       2.98,          1.26,     105.11,        0.00,      61.10,             0.03,       17.26,              0.05,       0.01,             -nan, 50000, 0.91, 1.02, 2.45 
RESULT: PGM,16,92.8363,43774340,11262890443,BinarySearch
RESULT:   PGM,       4,     0.01, 319.29,       270.19,      3.29,       2.95,          1.33,     130.12,        0.00,      71.30,             0.02,       16.95,              0.05,       0.02,             -nan, 50000, 0.85, 1.02, 2.45 
RESULT: PGM,4,117.349,173185840,12786824141,BinarySearch
RESULT:   PGM,       8,     0.01, 286.20,       253.21,      3.29,       2.94,          1.24,     116.78,        0.00,      66.00,             0.02,       16.95,              0.05,       0.01,             -nan, 50000, 0.88, 1.02, 2.45 
RESULT: PGM,8,104.642,87810600,11980301643,BinarySearch
RESULT:   PGM,      32,     0.01, 260.67,       248.41,      3.33,       2.95,          1.33,     106.20,        0.00,      61.81,             0.02,       16.95,              0.05,       0.01,             -nan, 50000, 0.95, 1.02, 2.45 
RESULT: PGM,32,94.2391,21637000,10572192161,BinarySearch
RESULT:   PGM,      64,     0.01, 296.07,       279.86,      3.36,       2.96,          1.33,     120.78,        0.00,      68.32,             0.02,       16.97,              0.05,       0.01,             -nan, 50000, 0.95, 1.02, 2.45 
RESULT: PGM,64,108.687,10639720,10150519830,BinarySearch
RESULT:   PGM,     256,     0.01, 265.17,       275.14,      3.42,       2.97,          1.35,     108.08,        0.00,      64.18,             0.02,       16.95,              0.05,       0.02,             -nan, 50000, 1.04, 1.02, 2.45 
RESULT: PGM,256,96.5592,2413440,9404614588,BinarySearch
RESULT:   PGM,    1024,     0.00, 237.83,       270.87,      3.50,       3.00,          1.38,      96.94,        0.00,      60.14,             0.03,       16.95,              0.05,       0.02,             -nan, 50000, 1.14, 1.02, 2.45 
RESULT: PGM,1024,85.284,371240,8165399416,BinarySearch
RESULT:   PGM,    2048,     0.01, 276.30,       307.84,      3.51,       3.03,          1.34,     112.60,        0.00,      67.14,             0.03,       16.95,              0.05,       0.01,             -nan, 50000, 1.11, 1.02, 2.45 
RESULT: PGM,2048,100.67,118300,7426987242,BinarySearch
RESULT:   PGM,    4096,     0.00, 238.82,       281.76,      3.54,       3.04,          1.37,      97.33,        0.00,      58.13,             0.03,       15.95,              0.05,       0.01,             -nan, 50000, 1.18, 1.02, 2.45 
RESULT: PGM,4096,85.4485,34000,6796276089,BinarySearch
RESULT:   PGM,    8192,     0.01, 250.55,       306.41,      3.62,       3.04,          1.45,     102.11,        0.00,      63.37,             0.04,       16.95,              0.05,       0.05,             -nan, 50000, 1.22, 1.02, 2.45 
RESULT: PGM,8192,90.1003,9480,6339192652,BinarySearch
RESULT: PGMCacheL (0, 0.000000, 0),      16,     0.00, 219.55,       179.35,      3.60,       2.98,          0.48,      89.51,        0.00,      57.71,             0.05,       28.51,              0.06,       0.00,             -nan, 50000, 0.82, 1.02, 2.45 
RESULT: PGMCacheL (48764, 0.000000, 50000),16,77.9038,43774340,11323719679,BinarySearch
RESULT: PGMCacheL (0, 0.000000, 0),       4,     0.00, 220.52,       180.37,      3.58,       2.96,          0.51,      89.86,        0.00,      57.99,             0.05,       28.57,              0.05,       0.00,             -nan, 50000, 0.82, 1.02, 2.45 
RESULT: PGMCacheL (48764, 0.000000, 50000),4,78.2493,173185840,12956514783,BinarySearch
RESULT: PGMCacheL (0, 0.000000, 0),       8,     0.00, 218.87,       178.88,      3.54,       2.95,          0.48,      82.49,        0.00,      57.59,             0.05,       28.37,              0.05,       0.00,             -nan, 50000, 0.82, 1.02, 2.65 
RESULT: PGMCacheL (48764, 0.000000, 50000),8,71.2081,87810600,12035602470,BinarySearch
RESULT: PGMCacheL (0, 0.000000, 0),      32,     0.00, 217.80,       179.39,      3.60,       2.96,          0.52,      88.78,        0.00,      57.65,             0.05,       28.53,              0.05,       0.00,             -nan, 50000, 0.82, 1.02, 2.45 
RESULT: PGMCacheL (48764, 0.000000, 50000),32,77.1224,21637000,10567963111,BinarySearch
RESULT: PGMCacheL (0, 0.000000, 0),      64,     0.00, 219.10,       179.50,      3.62,       2.97,          0.51,      89.29,        0.00,      57.62,             0.04,       28.39,              0.05,       0.00,             -nan, 50000, 0.82, 1.02, 2.45 
RESULT: PGMCacheL (48764, 0.000000, 50000),64,77.6945,10639720,10209976419,BinarySearch
RESULT: PGMCacheL (0, 0.000000, 0),     256,     0.00, 220.08,       180.08,      3.74,       2.99,          0.55,      89.70,        0.00,      57.70,             0.05,       28.55,              0.05,       0.00,             -nan, 50000, 0.82, 1.02, 2.45 
RESULT: PGMCacheL (48764, 0.000000, 50000),256,78.0919,2413440,9458994506,BinarySearch
RESULT: PGMCacheL (0, 0.000000, 0),    1024,     0.00, 217.78,       178.79,      3.81,       3.02,          0.53,      88.73,        0.00,      57.31,             0.05,       28.37,              0.05,       0.00,             -nan, 50000, 0.82, 1.02, 2.45 
RESULT: PGMCacheL (48764, 0.000000, 50000),1024,77.068,371240,8209816395,BinarySearch
RESULT: PGMCacheL (0, 0.000000, 0),    2048,     0.00, 222.40,       180.57,      3.85,       3.04,          0.56,      90.63,        0.00,      57.70,             0.05,       28.53,              0.05,       0.00,             -nan, 50000, 0.81, 1.02, 2.45 
RESULT: PGMCacheL (48764, 0.000000, 50000),2048,78.6823,118300,7467541144,BinarySearch
RESULT: PGMCacheL (0, 0.000000, 0),    4096,     0.00, 219.89,       179.25,      3.88,       3.05,          0.54,      89.62,        0.00,      57.35,             0.05,       28.37,              0.05,       0.00,             -nan, 50000, 0.82, 1.02, 2.45 
RESULT: PGMCacheL (48764, 0.000000, 50000),4096,77.7274,34000,6836833189,BinarySearch
RESULT: PGMCacheL (0, 0.000000, 0),    8192,     0.00, 224.55,       180.51,      3.95,       3.06,          0.56,      95.36,        0.00,      57.61,             0.06,       28.53,              0.05,       0.00,             -nan, 50000, 0.80, 1.02, 2.35 
RESULT: PGMCacheL (48764, 0.000000, 50000),8192,83.2351,9480,6367589718,BinarySearch
RESULT: PGMCacheR (0, 0.000000, 0),      16,     0.00, 218.47,       178.60,      3.56,       2.96,          0.49,      89.04,        0.00,      57.51,             0.04,       28.42,              0.05,       0.00,             -nan, 50000, 0.82, 1.02, 2.45 
RESULT: PGMCacheR (48764, 0.000000, 50000),16,77.1474,43774340,11314192752,BinarySearch
RESULT: PGMCacheR (0, 0.000000, 0),       4,     0.00, 224.25,       180.26,      3.58,       2.96,          0.53,      84.52,        0.00,      57.95,             0.05,       28.53,              0.05,       0.01,             -nan, 50000, 0.80, 1.02, 2.65 
RESULT: PGMCacheR (48764, 0.000000, 50000),4,72.9097,173185840,12930090325,BinarySearch
RESULT: PGMCacheR (0, 0.000000, 0),       8,     0.00, 217.83,       178.92,      3.54,       2.95,          0.49,      88.75,        0.00,      57.60,             0.05,       28.37,              0.05,       0.00,             -nan, 50000, 0.82, 1.02, 2.45 
RESULT: PGMCacheR (48764, 0.000000, 50000),8,76.8507,87810600,12011245816,BinarySearch
RESULT: PGMCacheR (0, 0.000000, 0),      32,     0.00, 219.23,       179.45,      3.61,       2.96,          0.52,      89.35,        0.00,      57.66,             0.05,       28.54,              0.05,       0.00,             -nan, 50000, 0.82, 1.02, 2.45 
RESULT: PGMCacheR (48764, 0.000000, 50000),32,77.3582,21637000,10576735839,BinarySearch
RESULT: PGMCacheR (0, 0.000000, 0),      64,     0.00, 227.65,       179.36,      3.61,       2.96,          0.51,      70.12,        0.00,      57.58,             0.04,       28.36,              0.06,       -nan,             -nan, 50000, 0.79, 1.02, 3.25 
RESULT: PGMCacheR (48764, 0.000000, 50000),64,59.0115,10639720,10216504183,BinarySearch
RESULT: PGMCacheR (0, 0.000000, 0),     256,     0.00, 219.89,       180.06,      3.75,       2.99,          0.55,      89.61,        0.00,      57.69,             0.05,       28.55,              0.05,       0.00,             -nan, 50000, 0.82, 1.02, 2.45 
RESULT: PGMCacheR (48764, 0.000000, 50000),256,78.0526,2413440,9437155330,BinarySearch
RESULT: PGMCacheR (0, 0.000000, 0),    1024,     0.00, 219.51,       178.79,      3.80,       3.01,          0.54,      89.45,        0.00,      57.31,             0.05,       28.37,              0.05,       0.00,             -nan, 50000, 0.81, 1.02, 2.45 
RESULT: PGMCacheR (48764, 0.000000, 50000),1024,77.3451,371240,8198095463,BinarySearch
RESULT: PGMCacheR (0, 0.000000, 0),    2048,     0.00, 221.70,       180.55,      3.87,       3.03,          0.55,      90.37,        0.00,      57.70,             0.05,       28.53,              0.05,       0.00,             -nan, 50000, 0.81, 1.02, 2.45 
RESULT: PGMCacheR (48764, 0.000000, 50000),2048,78.4212,118300,7462400270,BinarySearch
RESULT: PGMCacheR (0, 0.000000, 0),    4096,     0.00, 219.46,       179.23,      3.89,       3.05,          0.54,      89.47,        0.00,      57.35,             0.05,       28.37,              0.05,       0.00,             -nan, 50000, 0.82, 1.02, 2.45 
RESULT: PGMCacheR (48764, 0.000000, 50000),4096,77.7905,34000,6834470384,BinarySearch
RESULT: PGMCacheR (0, 0.000000, 0),    8192,     0.00, 221.46,       180.61,      3.98,       3.07,          0.57,      90.25,        0.00,      57.63,             0.06,       28.55,              0.05,       0.00,             -nan, 50000, 0.82, 1.02, 2.45 
RESULT: PGMCacheR (48764, 0.000000, 50000),8192,78.6015,9480,6364680719,BinarySearch
