Repeating lookup code 1 time(s).
Using 1 thread(s).
read 200000000 values from ./data/fb_200M_uint64 in 766 ms (261.097 M values/s)
data is unique
read 1000000 values from ./data/fb_200M_uint64_equality_lookups_zipf_1M_3 in 140 ms (7.14286 M values/s)
index, variant, time sec, cycles, instructions, L1-misses, LLC-misses, branch-misses, task-clock, page-faults, DTLB-loads, DTLB-load-misses, DTLB-stores, DTLB-store-misses, ITLB_loads, ITLB_load-misses,   scale,  IPC, CPUs,  GHz 
RESULT:   PGM,      16,     0.06, 191.69,       233.18,      0.43,       0.18,          0.21,      59.66,        0.00,      59.40,             0.01,        5.67,              0.00,       0.00,             0.00, 1000000, 1.22, 1.00, 3.21 
RESULT: PGM,16,59.0505,43774340,11259208864,BinarySearch
RESULT:   PGM,       4,     0.08, 254.50,       265.41,      0.44,       0.20,          0.23,      76.85,        0.00,      69.19,             0.00,        5.68,              0.00,       0.00,             0.00, 1000000, 1.04, 1.00, 3.31 
RESULT: PGM,4,76.2648,173185840,12769439465,BinarySearch
RESULT:   PGM,       8,     0.07, 224.87,       250.87,      0.45,       0.20,          0.23,      69.14,        0.00,      64.38,             0.00,        5.64,              0.00,       0.00,             0.00, 1000000, 1.12, 1.00, 3.25 
RESULT: PGM,8,68.548,87810600,11996537146,BinarySearch
RESULT:   PGM,      32,     0.06, 198.10,       245.99,      0.45,       0.19,          0.25,      62.85,        0.00,      60.41,             0.00,        5.65,              0.00,       0.00,             0.00, 1000000, 1.24, 1.00, 3.15 
RESULT: PGM,32,62.2563,21637000,10569970352,BinarySearch
RESULT:   PGM,      64,     0.07, 235.95,       282.52,      0.44,       0.20,          0.20,      73.17,        0.00,      66.78,             0.00,        5.66,              0.00,       0.00,             0.00, 1000000, 1.20, 1.00, 3.22 
RESULT: PGM,64,72.572,10639720,10155633011,BinarySearch
RESULT:   PGM,     256,     0.07, 209.96,       281.62,      0.45,       0.19,          0.29,      65.46,        0.00,      63.25,             0.00,        5.65,              0.00,       0.03,             0.00, 1000000, 1.34, 1.00, 3.21 
RESULT: PGM,256,64.8863,2413440,9407962804,BinarySearch
RESULT:   PGM,    1024,     0.05, 179.32,       276.45,      0.43,       0.18,          0.27,      54.57,        0.00,      58.77,             0.00,        5.62,              0.00,       0.02,             0.00, 1000000, 1.54, 1.00, 3.29 
RESULT: PGM,1024,53.9836,371240,8163264201,BinarySearch
RESULT:   PGM,    2048,     0.07, 213.26,       311.17,      0.45,       0.19,          0.20,      65.78,        0.00,      66.18,             0.00,        5.64,              0.00,       0.00,             0.00, 1000000, 1.46, 1.00, 3.24 
RESULT: PGM,2048,65.1821,118300,7424629284,BinarySearch
RESULT:   PGM,    4096,     0.05, 175.93,       285.71,      0.42,       0.18,          0.20,      55.01,        0.00,      57.24,             0.00,        4.67,              0.00,       0.00,             0.00, 1000000, 1.62, 1.00, 3.20 
RESULT: PGM,4096,54.409,34000,6798120540,BinarySearch
RESULT:   PGM,    8192,     0.06, 182.04,       307.12,      0.44,       0.18,          0.20,      58.16,        0.00,      62.10,             0.00,        5.64,              0.00,       0.00,             0.00, 1000000, 1.69, 1.00, 3.13 
RESULT: PGM,8192,57.5598,9480,6330180049,BinarySearch
RESULT: PGMCacheL (0, 0.000000, 0),      16,     0.06, 191.61,       170.29,      0.43,       0.18,          0.11,      59.92,        0.00,      56.47,             0.01,       15.83,              0.00,       0.00,             0.00, 1000000, 0.89, 1.00, 3.20 
RESULT: PGMCacheL (999870, 0.000000, 1000000),16,59.3395,43774340,11311732341,BinarySearch
RESULT: PGMCacheL (0, 0.000000, 0),       4,     0.06, 193.44,       171.19,      0.43,       0.18,          0.12,      58.69,        0.00,      56.22,             0.01,       15.76,              0.00,       0.00,             0.00, 1000000, 0.88, 1.00, 3.30 
RESULT: PGMCacheL (999870, 0.000000, 1000000),4,58.1139,173185840,12926346545,BinarySearch
RESULT: PGMCacheL (0, 0.000000, 0),       8,     0.06, 193.77,       170.59,      0.42,       0.18,          0.11,      58.67,        0.00,      56.52,             0.01,       15.82,              0.00,       0.00,             0.00, 1000000, 0.88, 1.00, 3.30 
RESULT: PGMCacheL (999870, 0.000000, 1000000),8,58.0837,87810600,12011527810,BinarySearch
RESULT: PGMCacheL (0, 0.000000, 0),      32,     0.06, 191.97,       170.31,      0.44,       0.18,          0.12,      61.05,        0.00,      56.39,             0.01,       15.79,              0.00,       0.00,             0.00, 1000000, 0.89, 1.00, 3.14 
RESULT: PGMCacheL (999870, 0.000000, 1000000),32,60.4719,21637000,10562737064,BinarySearch
RESULT: PGMCacheL (0, 0.000000, 0),      64,     0.06, 192.67,       170.43,      0.44,       0.18,          0.12,      61.25,        0.00,      56.39,             0.01,       15.79,              0.00,       0.00,             0.00, 1000000, 0.88, 1.00, 3.15 
RESULT: PGMCacheL (999870, 0.000000, 1000000),64,60.6735,10639720,10218017491,BinarySearch
RESULT: PGMCacheL (0, 0.000000, 0),     256,     0.06, 191.22,       168.89,      0.42,       0.18,          0.11,      59.65,        0.00,      56.64,             0.01,       15.86,              0.00,       0.00,             0.00, 1000000, 0.88, 1.00, 3.21 
RESULT: PGMCacheL (999870, 0.000000, 1000000),256,59.0788,2413440,9435344802,BinarySearch
RESULT: PGMCacheL (0, 0.000000, 0),    1024,     0.06, 192.39,       170.00,      0.43,       0.18,          0.11,      60.15,        0.00,      56.52,             0.01,       15.83,              0.00,       0.00,             0.00, 1000000, 0.88, 1.00, 3.20 
RESULT: PGMCacheL (999870, 0.000000, 1000000),1024,59.5756,371240,8200750392,BinarySearch
RESULT: PGMCacheL (0, 0.000000, 0),    2048,     0.06, 193.26,       170.37,      0.42,       0.18,          0.11,      57.25,        0.00,      56.41,             0.01,       15.81,              0.00,       0.00,             0.00, 1000000, 0.88, 1.00, 3.38 
RESULT: PGMCacheL (999870, 0.000000, 1000000),2048,56.6662,118300,7468819012,BinarySearch
RESULT: PGMCacheL (0, 0.000000, 0),    4096,     0.06, 193.45,       170.29,      0.43,       0.18,          0.11,      60.43,        0.00,      56.50,             0.01,       15.82,              0.00,       0.00,             0.00, 1000000, 0.88, 1.00, 3.20 
RESULT: PGMCacheL (999870, 0.000000, 1000000),4096,59.8362,34000,6833868703,BinarySearch
RESULT: PGMCacheL (0, 0.000000, 0),    8192,     0.06, 193.17,       170.37,      0.44,       0.18,          0.12,      59.84,        0.00,      56.37,             0.01,       15.80,              0.00,       0.00,             0.00, 1000000, 0.88, 1.00, 3.23 
RESULT: PGMCacheL (999870, 0.000000, 1000000),8192,59.2547,9480,6366460428,BinarySearch
RESULT: PGMCacheR (0, 0.000000, 0),      16,     0.06, 191.68,       170.33,      0.44,       0.18,          0.12,      60.96,        0.00,      56.40,             0.01,       15.79,              0.00,       0.00,             0.00, 1000000, 0.89, 1.00, 3.14 
RESULT: PGMCacheR (999870, 0.000000, 1000000),16,60.3703,43774340,11308292679,BinarySearch
RESULT: PGMCacheR (0, 0.000000, 0),       4,     0.06, 192.09,       170.22,      0.44,       0.18,          0.12,      61.08,        0.00,      56.41,             0.01,       15.79,              0.00,       0.00,             0.00, 1000000, 0.89, 1.00, 3.14 
RESULT: PGMCacheR (999870, 0.000000, 1000000),4,60.4879,173185840,12931360489,BinarySearch
RESULT: PGMCacheR (0, 0.000000, 0),       8,     0.06, 192.74,       170.27,      0.43,       0.18,          0.12,      59.89,        0.00,      56.35,             0.01,       15.78,              0.00,       0.00,             0.00, 1000000, 0.88, 1.00, 3.22 
RESULT: PGMCacheR (999870, 0.000000, 1000000),8,59.3028,87810600,12019067957,BinarySearch
RESULT: PGMCacheR (0, 0.000000, 0),      32,     0.06, 192.20,       169.84,      0.43,       0.18,          0.11,      60.09,        0.00,      56.52,             0.01,       15.83,              0.00,       0.00,             0.00, 1000000, 0.88, 1.00, 3.20 
RESULT: PGMCacheR (999870, 0.000000, 1000000),32,59.4954,21637000,10561182353,BinarySearch
RESULT: PGMCacheR (0, 0.000000, 0),      64,     0.06, 189.43,       167.88,      0.43,       0.18,          0.11,      57.74,        0.00,      56.91,             0.01,       15.93,              0.00,       0.00,             0.00, 1000000, 0.89, 1.00, 3.28 
RESULT: PGMCacheR (999870, 0.000000, 1000000),64,57.1898,10639720,10216393811,BinarySearch
RESULT: PGMCacheR (0, 0.000000, 0),     256,     0.06, 191.96,       170.37,      0.43,       0.18,          0.12,      59.26,        0.00,      56.40,             0.01,       15.80,              0.00,       0.00,             0.00, 1000000, 0.89, 1.00, 3.24 
RESULT: PGMCacheR (999870, 0.000000, 1000000),256,58.6921,2413440,9440651347,BinarySearch
RESULT: PGMCacheR (0, 0.000000, 0),    1024,     0.06, 194.50,       170.64,      0.42,       0.18,          0.11,      57.65,        0.00,      56.38,             0.01,       15.80,              0.00,       0.00,             0.00, 1000000, 0.88, 1.00, 3.37 
RESULT: PGMCacheR (999870, 0.000000, 1000000),1024,57.0651,371240,8201904316,BinarySearch
RESULT: PGMCacheR (0, 0.000000, 0),    2048,     0.06, 192.41,       170.19,      0.43,       0.18,          0.11,      60.17,        0.00,      56.52,             0.01,       15.82,              0.00,       0.00,             0.00, 1000000, 0.88, 1.00, 3.20 
RESULT: PGMCacheR (999870, 0.000000, 1000000),2048,59.586,118300,7474525534,BinarySearch
RESULT: PGMCacheR (0, 0.000000, 0),    4096,     0.06, 193.53,       170.83,      0.44,       0.18,          0.12,      60.11,        0.00,      56.29,             0.01,       15.77,              0.00,       0.00,             0.00, 1000000, 0.88, 1.00, 3.22 
RESULT: PGMCacheR (999870, 0.000000, 1000000),4096,59.5375,34000,6834371862,BinarySearch
RESULT: PGMCacheR (0, 0.000000, 0),    8192,     0.06, 192.38,       169.91,      0.43,       0.18,          0.11,      60.15,        0.00,      56.52,             0.01,       15.83,              0.00,       0.00,             0.00, 1000000, 0.88, 1.00, 3.20 
RESULT: PGMCacheR (999870, 0.000000, 1000000),8192,59.5716,9480,6364430232,BinarySearch
