Repeating lookup code 1 time(s).
Using 1 thread(s).
read 200000000 values from ./data/fb_200M_uint64 in 784 ms (255.102 M values/s)
data is unique
read 100000 values from ./data/fb_200M_uint64_equality_lookups_zipf_100K_3 in 0 ms (inf M values/s)
index, variant, time sec, cycles, instructions, L1-misses, LLC-misses, branch-misses, task-clock, page-faults, DTLB-loads, DTLB-load-misses, DTLB-stores, DTLB-store-misses, ITLB_loads, ITLB_load-misses,  scale,  IPC, CPUs,  GHz 
RESULT:   PGM,      16,     0.01, 203.89,       233.51,      1.73,       1.48,          0.24,      83.00,        0.00,      60.45,             0.02,       11.13,              0.03,       0.00,             -nan, 100000, 1.15, 1.01, 2.46 
RESULT: PGM,16,77.0215,43774340,11269946626,BinarySearch
RESULT:   PGM,       4,     0.01, 263.85,       259.33,      1.71,       1.47,          0.26,     107.51,        0.00,      70.38,             0.01,       10.98,              0.03,       0.00,             -nan, 100000, 0.98, 1.01, 2.45 
RESULT: PGM,4,101.688,173185840,12804092386,BinarySearch
RESULT:   PGM,       8,     0.01, 230.29,       242.24,      1.70,       1.46,          0.25,      93.79,        0.00,      65.35,             0.01,       10.98,              0.03,       0.00,             -nan, 100000, 1.05, 1.01, 2.46 
RESULT: PGM,8,87.997,87810600,12007428336,BinarySearch
RESULT:   PGM,      32,     0.01, 207.43,       243.28,      1.70,       1.46,          0.26,      84.50,        0.00,      61.35,             0.01,       10.98,              0.03,       0.00,             -nan, 100000, 1.17, 1.01, 2.45 
RESULT: PGM,32,78.6992,21637000,10630248973,BinarySearch
RESULT:   PGM,      64,     0.01, 244.17,       276.66,      1.70,       1.46,          0.23,      99.48,        0.00,      68.18,             0.01,       10.98,              0.03,       0.00,             -nan, 100000, 1.13, 1.01, 2.45 
RESULT: PGM,64,93.6295,10639720,10166338706,BinarySearch
RESULT:   PGM,     256,     0.01, 217.84,       275.40,      1.70,       1.47,          0.32,      88.75,        0.00,      64.21,             0.01,       10.99,              0.03,       0.09,             -nan, 100000, 1.26, 1.01, 2.45 
RESULT: PGM,256,82.9313,2413440,9418232440,BinarySearch
RESULT:   PGM,    1024,     0.01, 188.61,       273.95,      1.70,       1.46,          0.31,      77.03,        0.00,      60.18,             0.01,       10.98,              0.03,       0.02,             -nan, 100000, 1.45, 1.02, 2.45 
RESULT: PGM,1024,71.0523,371240,8178630764,BinarySearch
RESULT:   PGM,    2048,     0.01, 220.35,       302.83,      1.70,       1.47,          0.24,      89.74,        0.00,      67.18,             0.01,       10.98,              0.03,       0.00,             -nan, 100000, 1.37, 1.01, 2.46 
RESULT: PGM,2048,83.915,118300,7451317050,BinarySearch
RESULT:   PGM,    4096,     0.01, 183.81,       284.32,      1.70,       1.46,          0.23,      74.88,        0.00,      58.17,             0.01,        9.97,              0.03,       0.00,             -nan, 100000, 1.55, 1.01, 2.45 
RESULT: PGM,4096,69.1072,34000,6816476506,BinarySearch
RESULT:   PGM,    8192,     0.01, 193.91,       307.86,      1.71,       1.46,          0.23,      78.98,        0.00,      63.24,             0.01,       10.98,              0.03,       0.00,             -nan, 100000, 1.59, 1.01, 2.46 
RESULT: PGM,8192,73.1878,9480,6338111051,BinarySearch
RESULT: PGMCacheL (0, 0.000000, 0),      16,     0.01, 218.77,       182.08,      1.72,       1.47,          0.07,      89.12,        0.00,      58.97,             0.01,       21.05,              0.03,       0.00,             -nan, 100000, 0.83, 1.01, 2.45 
RESULT: PGMCacheL (99944, 0.000000, 100000),16,83.4304,43774340,11328791018,BinarySearch
RESULT: PGMCacheL (0, 0.000000, 0),       4,     0.01, 222.61,       183.62,      1.71,       1.46,          0.07,      87.15,        0.00,      58.89,             0.01,       21.00,              0.03,       0.00,             -nan, 100000, 0.82, 1.01, 2.55 
RESULT: PGMCacheL (99944, 0.000000, 100000),4,81.5236,173185840,12939663114,BinarySearch
RESULT: PGMCacheL (0, 0.000000, 0),       8,     0.01, 222.85,       183.62,      1.71,       1.47,          0.07,      87.22,        0.00,      58.89,             0.01,       21.00,              0.03,       0.00,             -nan, 100000, 0.82, 1.01, 2.55 
RESULT: PGMCacheL (99944, 0.000000, 100000),8,81.599,87810600,12024878413,BinarySearch
RESULT: PGMCacheL (0, 0.000000, 0),      32,     0.01, 220.36,       181.81,      1.71,       1.46,          0.07,      89.76,        0.00,      58.88,             0.01,       21.00,              0.03,       0.00,             -nan, 100000, 0.83, 1.01, 2.45 
RESULT: PGMCacheL (99944, 0.000000, 100000),32,84.0568,21637000,10578527098,BinarySearch
RESULT: PGMCacheL (0, 0.000000, 0),      64,     0.01, 232.96,       185.96,      1.71,       1.47,          0.07,      71.37,        0.00,      58.89,             0.01,       21.00,              0.03,       0.00,             -nan, 100000, 0.80, 1.01, 3.26 
RESULT: PGMCacheL (99944, 0.000000, 100000),64,65.6775,10639720,10243213560,BinarySearch
RESULT: PGMCacheL (0, 0.000000, 0),     256,     0.01, 221.28,       181.91,      1.71,       1.46,          0.07,      90.13,        0.00,      58.91,             0.01,       21.01,              0.03,       0.00,             -nan, 100000, 0.82, 1.01, 2.46 
RESULT: PGMCacheL (99944, 0.000000, 100000),256,84.2927,2413440,9448471940,BinarySearch
RESULT: PGMCacheL (0, 0.000000, 0),    1024,     0.01, 223.84,       183.68,      1.72,       1.47,          0.07,      95.06,        0.00,      58.90,             0.01,       21.01,              0.03,       0.00,             -nan, 100000, 0.82, 1.01, 2.35 
RESULT: PGMCacheL (99944, 0.000000, 100000),1024,89.1354,371240,8213293632,BinarySearch
RESULT: PGMCacheL (0, 0.000000, 0),    2048,     0.01, 223.97,       183.98,      1.71,       1.46,          0.07,      91.26,        0.00,      58.89,             0.01,       21.00,              0.03,       0.00,             -nan, 100000, 0.82, 1.01, 2.45 
RESULT: PGMCacheL (99944, 0.000000, 100000),2048,85.4331,118300,7469225090,BinarySearch
RESULT: PGMCacheL (0, 0.000000, 0),    4096,     0.01, 219.60,       180.23,      1.71,       1.47,          0.07,     101.01,        0.00,      58.89,             0.01,       21.01,              0.03,       0.00,             -nan, 100000, 0.82, 1.01, 2.17 
RESULT: PGMCacheL (99944, 0.000000, 100000),4096,94.5959,34000,6841634319,BinarySearch
RESULT: PGMCacheL (0, 0.000000, 0),    8192,     0.01, 222.25,       181.39,      1.71,       1.46,          0.07,      90.52,        0.00,      58.89,             0.01,       21.00,              0.03,       0.00,             -nan, 100000, 0.82, 1.01, 2.46 
RESULT: PGMCacheL (99944, 0.000000, 100000),8192,84.7264,9480,6372408676,BinarySearch
RESULT: PGMCacheR (0, 0.000000, 0),      16,     0.01, 217.84,       179.57,      1.71,       1.46,          0.07,      92.44,        0.00,      58.92,             0.01,       21.02,              0.03,       0.00,             -nan, 100000, 0.82, 1.01, 2.36 
RESULT: PGMCacheR (99944, 0.000000, 100000),16,86.4978,43774340,11324656934,BinarySearch
RESULT: PGMCacheR (0, 0.000000, 0),       4,     0.01, 220.07,       181.86,      1.71,       1.46,          0.07,      89.64,        0.00,      58.89,             0.01,       21.00,              0.03,       0.00,             -nan, 100000, 0.83, 1.01, 2.45 
RESULT: PGMCacheR (99944, 0.000000, 100000),4,83.7957,173185840,12932635282,BinarySearch
RESULT: PGMCacheR (0, 0.000000, 0),       8,     0.01, 229.70,       184.81,      1.71,       1.46,          0.07,      93.55,        0.00,      58.89,             0.01,       21.00,              0.03,       0.00,             -nan, 100000, 0.80, 1.01, 2.46 
RESULT: PGMCacheR (99944, 0.000000, 100000),8,87.7239,87810600,12026586804,BinarySearch
RESULT: PGMCacheR (0, 0.000000, 0),      32,     0.01, 223.06,       184.26,      1.71,       1.46,          0.06,      90.87,        0.00,      58.88,             0.01,       21.00,              0.03,       0.00,             -nan, 100000, 0.83, 1.01, 2.45 
RESULT: PGMCacheR (99944, 0.000000, 100000),32,85.0125,21637000,10578633392,BinarySearch
RESULT: PGMCacheR (0, 0.000000, 0),      64,     0.01, 221.82,       181.50,      1.71,       1.47,          0.07,      90.36,        0.00,      58.91,             0.01,       21.01,              0.03,       0.00,             -nan, 100000, 0.82, 1.01, 2.45 
RESULT: PGMCacheR (99944, 0.000000, 100000),64,84.528,10639720,10229826049,BinarySearch
RESULT: PGMCacheR (0, 0.000000, 0),     256,     0.01, 224.06,       184.32,      1.71,       1.46,          0.06,      91.30,        0.00,      58.89,             0.01,       21.00,              0.03,       0.00,             -nan, 100000, 0.82, 1.01, 2.45 
RESULT: PGMCacheR (99944, 0.000000, 100000),256,85.4745,2413440,9447656021,BinarySearch
RESULT: PGMCacheR (0, 0.000000, 0),    1024,     0.01, 224.67,       184.28,      1.71,       1.46,          0.07,      91.56,        0.00,      58.88,             0.01,       21.00,              0.03,       0.00,             -nan, 100000, 0.82, 1.01, 2.45 
RESULT: PGMCacheR (99944, 0.000000, 100000),1024,85.6234,371240,8215036433,BinarySearch
RESULT: PGMCacheR (0, 0.000000, 0),    2048,     0.01, 224.18,       184.11,      1.71,       1.46,          0.06,      91.34,        0.00,      58.89,             0.01,       21.00,              0.03,       0.00,             -nan, 100000, 0.82, 1.01, 2.45 
RESULT: PGMCacheR (99944, 0.000000, 100000),2048,85.5058,118300,7470977755,BinarySearch
RESULT: PGMCacheR (0, 0.000000, 0),    4096,     0.01, 221.35,       181.52,      1.71,       1.47,          0.07,      90.16,        0.00,      58.91,             0.01,       21.01,              0.03,       0.00,             -nan, 100000, 0.82, 1.01, 2.46 
RESULT: PGMCacheR (99944, 0.000000, 100000),4096,84.4574,34000,6842797864,BinarySearch
RESULT: PGMCacheR (0, 0.000000, 0),    8192,     0.01, 223.69,       184.44,      1.71,       1.46,          0.07,      91.12,        0.00,      58.89,             0.01,       21.00,              0.03,       0.00,             -nan, 100000, 0.82, 1.01, 2.45 
RESULT: PGMCacheR (99944, 0.000000, 100000),8192,85.4262,9480,6374040530,BinarySearch
