Repeating lookup code 1 time(s).
Using 1 thread(s).
read 200000000 values from ./data/fb_200M_uint64 in 769 ms (260.078 M values/s)
data is unique
read 1000000 values from ./data/fb_200M_uint64_equality_lookups_zipf_1M_1 in 142 ms (7.04225 M values/s)
index, variant, time sec, cycles, instructions, L1-misses, LLC-misses, branch-misses, task-clock, page-faults, DTLB-loads, DTLB-load-misses, DTLB-stores, DTLB-store-misses, ITLB_loads, ITLB_load-misses,   scale,  IPC, CPUs,  GHz 
RESULT:   PGM,      16,     0.07, 216.41,       232.36,      0.53,       0.20,          1.00,      65.58,        0.00,      59.35,             0.01,        5.67,              0.00,       0.01,             0.00, 1000000, 1.07, 1.00, 3.30 
RESULT: PGM,16,64.9874,43774340,11277477541,BinarySearch
RESULT:   PGM,       4,     0.09, 281.84,       268.80,      0.51,       0.19,          1.08,      87.99,        0.00,      69.69,             0.01,        5.70,              0.00,       0.01,             0.00, 1000000, 0.95, 1.00, 3.20 
RESULT: PGM,4,87.4043,173185840,12783406201,BinarySearch
RESULT:   PGM,       8,     0.08, 249.59,       252.20,      0.52,       0.20,          1.00,      77.81,        0.00,      64.07,             0.01,        5.66,              0.00,       0.01,             0.00, 1000000, 1.01, 1.00, 3.21 
RESULT: PGM,8,77.2196,87810600,11984234512,BinarySearch
RESULT:   PGM,      32,     0.07, 224.99,       246.95,      0.54,       0.20,          1.10,      69.94,        0.00,      60.66,             0.01,        5.66,              0.00,       0.01,             0.00, 1000000, 1.10, 1.00, 3.22 
RESULT: PGM,32,69.358,21637000,10569021873,BinarySearch
RESULT:   PGM,      64,     0.08, 259.90,       279.98,      0.56,       0.20,          1.04,      79.16,        0.00,      66.60,             0.01,        5.66,              0.00,       0.01,             0.00, 1000000, 1.08, 1.00, 3.28 
RESULT: PGM,64,78.5832,10639720,10161774992,BinarySearch
RESULT:   PGM,     256,     0.07, 230.05,       274.66,      0.59,       0.21,          1.07,      72.40,        0.00,      62.80,             0.01,        5.65,              0.00,       0.04,             0.00, 1000000, 1.19, 1.00, 3.18 
RESULT: PGM,256,71.8228,2413440,9405668926,BinarySearch
RESULT:   PGM,    1024,     0.06, 200.85,       270.05,      0.62,       0.20,          1.08,      63.58,        0.00,      58.95,             0.01,        5.65,              0.00,       0.02,             0.00, 1000000, 1.34, 1.00, 3.16 
RESULT: PGM,1024,63.0371,371240,8166283542,BinarySearch
RESULT:   PGM,    2048,     0.07, 239.23,       308.26,      0.62,       0.22,          1.04,      73.31,        0.00,      65.58,             0.01,        5.65,              0.00,       0.01,             0.00, 1000000, 1.29, 1.00, 3.26 
RESULT: PGM,2048,72.724,118300,7427023781,BinarySearch
RESULT:   PGM,    4096,     0.06, 201.71,       279.58,      0.62,       0.21,          1.10,      61.27,        0.00,      57.08,             0.01,        4.67,              0.00,       0.01,             0.00, 1000000, 1.39, 1.00, 3.29 
RESULT: PGM,4096,60.6888,34000,6795940951,BinarySearch
RESULT:   PGM,    8192,     0.06, 207.19,       305.96,      0.69,       0.22,          1.04,      64.04,        0.00,      62.06,             0.01,        5.64,              0.00,       0.01,             0.00, 1000000, 1.48, 1.00, 3.24 
RESULT: PGM,8192,63.4633,9480,6329312346,BinarySearch
RESULT: PGMCacheL (0, 0.000000, 0),      16,     0.09, 284.43,       259.60,      0.72,       0.20,          0.84,      85.51,        0.00,      77.72,             0.11,       24.55,              0.00,       0.00,             0.00, 1000000, 0.91, 1.00, 3.33 
RESULT: PGMCacheL (801183, 0.000000, 1000000),16,84.9289,43774340,11322876732,BinarySearch
RESULT: PGMCacheL (0, 0.000000, 0),       4,     0.09, 297.72,       268.67,      0.75,       0.19,          0.86,      90.14,        0.00,      79.82,             0.11,       24.65,              0.00,       0.00,             0.00, 1000000, 0.90, 1.00, 3.30 
RESULT: PGMCacheL (801183, 0.000000, 1000000),4,89.5737,173185840,12924883950,BinarySearch
RESULT: PGMCacheL (0, 0.000000, 0),       8,     0.09, 288.43,       264.69,      0.72,       0.19,          0.84,      88.95,        0.00,      78.94,             0.11,       24.64,              0.00,       0.00,             0.00, 1000000, 0.92, 1.00, 3.24 
RESULT: PGMCacheL (801183, 0.000000, 1000000),8,88.3688,87810600,12005139075,BinarySearch
RESULT: PGMCacheL (0, 0.000000, 0),      32,     0.08, 284.70,       262.51,      0.73,       0.19,          0.85,      84.32,        0.00,      78.00,             0.11,       24.55,              0.00,       0.00,             0.00, 1000000, 0.92, 1.00, 3.38 
RESULT: PGMCacheL (801183, 0.000000, 1000000),32,83.767,21637000,10563971033,BinarySearch
RESULT: PGMCacheL (0, 0.000000, 0),      64,     0.09, 291.13,       269.91,      0.77,       0.19,          0.87,      90.79,        0.00,      79.18,             0.11,       24.67,              0.00,       0.00,             0.00, 1000000, 0.93, 1.00, 3.21 
RESULT: PGMCacheL (801183, 0.000000, 1000000),64,90.2121,10639720,10214262371,BinarySearch
RESULT: PGMCacheL (0, 0.000000, 0),     256,     0.09, 285.35,       268.21,      0.82,       0.20,          0.86,      86.74,        0.00,      78.50,             0.11,       24.64,              0.00,       0.00,             0.00, 1000000, 0.94, 1.00, 3.29 
RESULT: PGMCacheL (801183, 0.000000, 1000000),256,86.1635,2413440,9440428978,BinarySearch
RESULT: PGMCacheL (0, 0.000000, 0),    1024,     0.09, 279.36,       267.62,      0.86,       0.21,          0.87,      85.69,        0.00,      77.50,             0.11,       24.57,              0.00,       0.00,             0.00, 1000000, 0.96, 1.00, 3.26 
RESULT: PGMCacheL (801183, 0.000000, 1000000),1024,85.129,371240,8233579089,BinarySearch
RESULT: PGMCacheL (0, 0.000000, 0),    2048,     0.09, 288.28,       275.79,      0.87,       0.21,          0.88,      89.78,        0.00,      78.93,             0.11,       24.66,              0.00,       0.00,             0.00, 1000000, 0.96, 1.00, 3.21 
RESULT: PGMCacheL (801183, 0.000000, 1000000),2048,89.2049,118300,7460229929,BinarySearch
RESULT: PGMCacheL (0, 0.000000, 0),    4096,     0.09, 284.89,       273.05,      0.90,       0.22,          0.88,      87.43,        0.00,      77.67,             0.12,       24.49,              0.00,       0.00,             0.00, 1000000, 0.96, 1.00, 3.26 
RESULT: PGMCacheL (801183, 0.000000, 1000000),4096,86.8386,34000,6836624643,BinarySearch
RESULT: PGMCacheL (0, 0.000000, 0),    8192,     0.09, 286.16,       275.46,      0.93,       0.22,          0.89,      89.29,        0.00,      78.09,             0.12,       24.63,              0.00,       0.00,             0.00, 1000000, 0.96, 1.00, 3.20 
RESULT: PGMCacheL (801183, 0.000000, 1000000),8192,88.7107,9480,6366981775,BinarySearch
RESULT: PGMCacheR (0, 0.000000, 0),      16,     0.09, 283.14,       260.46,      0.73,       0.19,          0.84,      86.12,        0.00,      77.45,             0.11,       24.53,              0.00,       0.00,             0.00, 1000000, 0.92, 1.00, 3.29 
RESULT: PGMCacheR (801183, 0.000000, 1000000),16,85.5541,43774340,11326142371,BinarySearch
RESULT: PGMCacheR (0, 0.000000, 0),       4,     0.09, 296.98,       267.87,      0.71,       0.19,          0.86,      89.22,        0.00,      79.98,             0.11,       24.65,              0.00,       0.01,             0.00, 1000000, 0.90, 1.00, 3.33 
RESULT: PGMCacheR (801183, 0.000000, 1000000),4,88.6392,173185840,12927496759,BinarySearch
RESULT: PGMCacheR (0, 0.000000, 0),       8,     0.09, 288.65,       264.86,      0.71,       0.19,          0.84,      90.03,        0.00,      78.77,             0.12,       24.65,              0.00,       0.00,             0.00, 1000000, 0.92, 1.00, 3.21 
RESULT: PGMCacheR (801183, 0.000000, 1000000),8,89.4424,87810600,12012654329,BinarySearch
RESULT: PGMCacheR (0, 0.000000, 0),      32,     0.08, 284.83,       263.60,      0.77,       0.20,          0.85,      84.31,        0.00,      77.66,             0.11,       24.46,              0.00,       0.00,             0.00, 1000000, 0.93, 1.00, 3.38 
RESULT: PGMCacheR (801183, 0.000000, 1000000),32,83.7414,21637000,10563236499,BinarySearch
RESULT: PGMCacheR (0, 0.000000, 0),      64,     0.09, 291.43,       269.80,      0.79,       0.19,          0.87,      87.55,        0.00,      79.22,             0.11,       24.59,              0.00,       0.00,             0.00, 1000000, 0.93, 1.00, 3.33 
RESULT: PGMCacheR (801183, 0.000000, 1000000),64,86.9599,10639720,10213474823,BinarySearch
RESULT: PGMCacheR (0, 0.000000, 0),     256,     0.09, 286.03,       268.84,      0.81,       0.20,          0.86,      86.96,        0.00,      78.19,             0.11,       24.57,              0.00,       0.00,             0.00, 1000000, 0.94, 1.00, 3.29 
RESULT: PGMCacheR (801183, 0.000000, 1000000),256,86.3928,2413440,9451223940,BinarySearch
RESULT: PGMCacheR (0, 0.000000, 0),    1024,     0.09, 278.71,       267.76,      0.85,       0.21,          0.86,      86.88,        0.00,      77.48,             0.11,       24.58,              0.00,       0.00,             0.00, 1000000, 0.96, 1.00, 3.21 
RESULT: PGMCacheR (801183, 0.000000, 1000000),1024,86.3236,371240,8200973932,BinarySearch
RESULT: PGMCacheR (0, 0.000000, 0),    2048,     0.09, 288.31,       275.96,      0.87,       0.21,          0.87,      89.64,        0.00,      78.99,             0.12,       24.66,              0.00,       0.00,             0.00, 1000000, 0.96, 1.00, 3.22 
RESULT: PGMCacheR (801183, 0.000000, 1000000),2048,89.0739,118300,7470193956,BinarySearch
RESULT: PGMCacheR (0, 0.000000, 0),    4096,     0.08, 284.44,       271.07,      0.87,       0.22,          0.87,      83.50,        0.00,      77.79,             0.12,       24.49,              0.00,       0.00,             0.00, 1000000, 0.95, 1.00, 3.41 
RESULT: PGMCacheR (801183, 0.000000, 1000000),4096,82.9131,34000,6841130777,BinarySearch
RESULT: PGMCacheR (0, 0.000000, 0),    8192,     0.09, 283.71,       273.97,      0.93,       0.23,          0.88,      85.32,        0.00,      78.22,             0.12,       24.56,              0.00,       0.00,             0.00, 1000000, 0.97, 1.00, 3.33 
RESULT: PGMCacheR (801183, 0.000000, 1000000),8192,84.7441,9480,6368506104,BinarySearch
