Repeating lookup code 1 time(s).
Using 1 thread(s).
read 200000000 values from ./data/osm_cellids_200M_uint64 in 771 ms (259.403 M values/s)
data is unique
read 1000000 values from ./data/osm_cellids_200M_uint64_equality_lookups_zipf_1M_3 in 157 ms (6.36943 M values/s)
index, variant, time sec, cycles, instructions, L1-misses, LLC-misses, branch-misses, task-clock, page-faults, DTLB-loads, DTLB-load-misses, DTLB-stores, DTLB-store-misses, ITLB_loads, ITLB_load-misses,   scale,  IPC, CPUs,  GHz 
RESULT:   PGM,      16,     0.08, 273.14,       287.51,      0.44,       0.19,          0.22,      83.18,        0.00,      70.95,             0.01,        5.69,              0.00,       0.00,             0.00, 1000000, 1.05, 1.00, 3.28 
RESULT: PGM,16,82.5732,27793380,10715521146,BinarySearch
RESULT:   PGM,       4,     0.08, 251.27,       266.07,      0.44,       0.20,          0.06,      77.86,        0.00,      69.29,             0.00,        5.67,              0.00,       0.00,             0.00, 1000000, 1.06, 1.00, 3.23 
RESULT: PGM,4,77.2726,118835000,12139223874,BinarySearch
RESULT:   PGM,       8,     0.08, 261.30,       277.32,      0.44,       0.20,          0.21,      78.71,        0.00,      70.18,             0.00,        5.67,              0.00,       0.00,             0.00, 1000000, 1.06, 1.00, 3.32 
RESULT: PGM,8,78.1185,57372640,11252276951,BinarySearch
RESULT:   PGM,      32,     0.07, 239.07,       271.64,      0.44,       0.20,          0.22,      73.39,        0.00,      65.89,             0.00,        5.65,              0.00,       0.00,             0.00, 1000000, 1.14, 1.00, 3.26 
RESULT: PGM,32,72.7826,13610460,10167079347,BinarySearch
RESULT:   PGM,      64,     0.07, 238.98,       282.44,      0.44,       0.20,          0.21,      73.78,        0.00,      67.10,             0.00,        5.64,              0.00,       0.00,             0.00, 1000000, 1.18, 1.00, 3.24 
RESULT: PGM,64,73.1994,6735660,9866481304,BinarySearch
RESULT:   PGM,     256,     0.08, 242.85,       304.22,      0.44,       0.20,          0.28,      76.24,        0.00,      68.80,             0.00,        5.65,              0.00,       0.02,             0.00, 1000000, 1.25, 1.00, 3.19 
RESULT: PGM,256,75.6486,1681040,9391077037,BinarySearch
RESULT:   PGM,    1024,     0.08, 246.33,       326.38,      0.44,       0.20,          0.21,      77.29,        0.00,      70.81,             0.00,        5.66,              0.00,       0.00,             0.00, 1000000, 1.32, 1.00, 3.19 
RESULT: PGM,1024,76.6936,432800,9136401928,BinarySearch
RESULT:   PGM,    2048,     0.07, 213.95,       311.63,      0.45,       0.19,          0.21,      65.82,        0.00,      66.22,             0.00,        5.64,              0.00,       0.00,             0.00, 1000000, 1.46, 1.00, 3.25 
RESULT: PGM,2048,65.2341,220660,9057766610,BinarySearch
RESULT:   PGM,    4096,     0.06, 210.27,       311.68,      0.46,       0.19,          0.21,      63.45,        0.00,      63.08,             0.00,        4.65,              0.00,       0.00,             0.00, 1000000, 1.48, 1.00, 3.31 
RESULT: PGM,4096,62.854,113860,9018925494,BinarySearch
RESULT:   PGM,    8192,     0.06, 217.89,       333.00,      0.46,       0.19,          0.21,      64.35,        0.00,      68.26,             0.00,        5.65,              0.00,       0.00,             0.00, 1000000, 1.53, 1.00, 3.39 
RESULT: PGM,8192,63.7769,59080,8973528527,BinarySearch
RESULT: PGMCacheL (0, 0.000000, 0),      16,     0.05, 160.64,       171.75,      0.44,       0.18,          0.07,      49.91,        0.00,      52.75,             0.01,       15.06,              0.00,       0.00,             0.00, 1000000, 1.07, 1.00, 3.22 
RESULT: PGMCacheL (999861, 0.000000, 1000000),16,49.3181,27793380,10787000806,BinarySearch
RESULT: PGMCacheL (0, 0.000000, 0),       4,     0.05, 159.26,       171.06,      0.44,       0.18,          0.07,      50.71,        0.00,      52.93,             0.01,       15.16,              0.00,       0.00,             0.00, 1000000, 1.07, 1.00, 3.14 
RESULT: PGMCacheL (999861, 0.000000, 1000000),4,50.1189,118835000,12259248062,BinarySearch
RESULT: PGMCacheL (0, 0.000000, 0),       8,     0.05, 163.59,       170.79,      0.43,       0.18,          0.07,      48.49,        0.00,      52.88,             0.01,       14.99,              0.00,       0.00,             0.00, 1000000, 1.04, 1.00, 3.37 
RESULT: PGMCacheL (999861, 0.000000, 1000000),8,47.9075,57372640,11269720923,BinarySearch
RESULT: PGMCacheL (0, 0.000000, 0),      32,     0.05, 160.70,       171.89,      0.44,       0.18,          0.07,      50.02,        0.00,      52.73,             0.01,       15.07,              0.00,       0.00,             0.00, 1000000, 1.07, 1.00, 3.21 
RESULT: PGMCacheL (999861, 0.000000, 1000000),32,49.4276,13610460,10163562702,BinarySearch
RESULT: PGMCacheL (0, 0.000000, 0),      64,     0.05, 160.27,       170.46,      0.43,       0.18,          0.07,      50.11,        0.00,      53.08,             0.01,       15.14,              0.00,       0.00,             0.00, 1000000, 1.06, 1.00, 3.20 
RESULT: PGMCacheL (999861, 0.000000, 1000000),64,49.5351,6735660,9936891069,BinarySearch
RESULT: PGMCacheL (0, 0.000000, 0),     256,     0.05, 160.06,       171.06,      0.44,       0.18,          0.07,      50.98,        0.00,      52.94,             0.01,       15.18,              0.00,       0.00,             0.00, 1000000, 1.07, 1.00, 3.14 
RESULT: PGMCacheL (999861, 0.000000, 1000000),256,50.3842,1681040,9431198800,BinarySearch
RESULT: PGMCacheL (0, 0.000000, 0),    1024,     0.05, 160.55,       171.87,      0.44,       0.18,          0.07,      50.05,        0.00,      52.71,             0.01,       15.07,              0.00,       0.00,             0.00, 1000000, 1.07, 1.00, 3.21 
RESULT: PGMCacheL (999861, 0.000000, 1000000),1024,49.4487,432800,9173749612,BinarySearch
RESULT: PGMCacheL (0, 0.000000, 0),    2048,     0.05, 159.37,       170.93,      0.43,       0.18,          0.07,      49.48,        0.00,      53.16,             0.01,       15.14,              0.00,       0.00,             0.00, 1000000, 1.07, 1.00, 3.22 
RESULT: PGMCacheL (999861, 0.000000, 1000000),2048,48.8878,220660,9097398420,BinarySearch
RESULT: PGMCacheL (0, 0.000000, 0),    4096,     0.05, 159.74,       171.05,      0.44,       0.18,          0.07,      50.88,        0.00,      52.90,             0.01,       15.16,              0.00,       0.00,             0.00, 1000000, 1.07, 1.00, 3.14 
RESULT: PGMCacheL (999861, 0.000000, 1000000),4096,50.2984,113860,9072195955,BinarySearch
RESULT: PGMCacheL (0, 0.000000, 0),    8192,     0.05, 159.86,       170.63,      0.44,       0.18,          0.07,      50.58,        0.00,      53.04,             0.01,       15.18,              0.00,       0.00,             0.00, 1000000, 1.07, 1.00, 3.16 
RESULT: PGMCacheL (999861, 0.000000, 1000000),8192,50.001,59080,9007336891,BinarySearch
RESULT: PGMCacheR (0, 0.000000, 0),      16,     0.05, 158.70,       170.94,      0.44,       0.18,          0.07,      50.37,        0.00,      52.97,             0.01,       15.14,              0.00,       0.00,             0.00, 1000000, 1.08, 1.00, 3.15 
RESULT: PGMCacheR (999861, 0.000000, 1000000),16,49.7851,27793380,10786579823,BinarySearch
RESULT: PGMCacheR (0, 0.000000, 0),       4,     0.05, 161.16,       172.17,      0.44,       0.18,          0.07,      49.00,        0.00,      52.60,             0.01,       14.96,              0.00,       0.00,             0.00, 1000000, 1.07, 1.00, 3.29 
RESULT: PGMCacheR (999861, 0.000000, 1000000),4,48.4058,118835000,12257742977,BinarySearch
RESULT: PGMCacheR (0, 0.000000, 0),       8,     0.05, 161.76,       170.92,      0.44,       0.18,          0.07,      51.51,        0.00,      52.93,             0.01,       15.20,              0.00,       0.00,             0.00, 1000000, 1.06, 1.00, 3.14 
RESULT: PGMCacheR (999861, 0.000000, 1000000),8,50.9187,57372640,11267972349,BinarySearch
RESULT: PGMCacheR (0, 0.000000, 0),      32,     0.05, 160.99,       171.31,      0.43,       0.18,          0.07,      48.21,        0.00,      52.98,             0.01,       14.95,              0.00,       0.00,             0.00, 1000000, 1.06, 1.00, 3.34 
RESULT: PGMCacheR (999861, 0.000000, 1000000),32,47.6449,13610460,10164504213,BinarySearch
RESULT: PGMCacheR (0, 0.000000, 0),      64,     0.05, 159.84,       171.08,      0.44,       0.18,          0.07,      50.90,        0.00,      52.94,             0.01,       15.17,              0.00,       0.00,             0.00, 1000000, 1.07, 1.00, 3.14 
RESULT: PGMCacheR (999861, 0.000000, 1000000),64,50.3222,6735660,9936707287,BinarySearch
RESULT: PGMCacheR (0, 0.000000, 0),     256,     0.05, 160.94,       171.59,      0.44,       0.18,          0.07,      49.11,        0.00,      52.90,             0.01,       15.04,              0.00,       0.00,             0.00, 1000000, 1.07, 1.00, 3.28 
RESULT: PGMCacheR (999861, 0.000000, 1000000),256,48.5172,1681040,9417200290,BinarySearch
RESULT: PGMCacheR (0, 0.000000, 0),    1024,     0.05, 162.64,       172.34,      0.44,       0.18,          0.07,      48.47,        0.00,      52.75,             0.01,       14.95,              0.00,       0.00,             0.00, 1000000, 1.06, 1.00, 3.36 
RESULT: PGMCacheR (999861, 0.000000, 1000000),1024,47.8543,432800,9174401371,BinarySearch
RESULT: PGMCacheR (0, 0.000000, 0),    2048,     0.05, 159.88,       170.80,      0.43,       0.19,          0.07,      48.68,        0.00,      52.98,             0.01,       15.02,              0.00,       0.00,             0.00, 1000000, 1.07, 1.00, 3.28 
RESULT: PGMCacheR (999861, 0.000000, 1000000),2048,48.0946,220660,9098951733,BinarySearch
RESULT: PGMCacheR (0, 0.000000, 0),    4096,     0.05, 159.74,       171.13,      0.44,       0.18,          0.07,      50.87,        0.00,      52.90,             0.01,       15.16,              0.00,       0.00,             0.00, 1000000, 1.07, 1.00, 3.14 
RESULT: PGMCacheR (999861, 0.000000, 1000000),4096,50.2774,113860,9071821591,BinarySearch
RESULT: PGMCacheR (0, 0.000000, 0),    8192,     0.05, 160.44,       171.65,      0.44,       0.18,          0.07,      49.86,        0.00,      52.77,             0.01,       15.06,              0.00,       0.00,             0.00, 1000000, 1.07, 1.00, 3.22 
RESULT: PGMCacheR (999861, 0.000000, 1000000),8192,49.2667,59080,9006940638,BinarySearch
