Repeating lookup code 1 time(s).
Using 1 thread(s).
read 200000000 values from ./data/osm_cellids_200M_uint64 in 780 ms (256.41 M values/s)
data is unique
read 100000 values from ./data/osm_cellids_200M_uint64_equality_lookups_zipf_100K_2 in 0 ms (inf M values/s)
index, variant, time sec, cycles, instructions, L1-misses, LLC-misses, branch-misses, task-clock, page-faults, DTLB-loads, DTLB-load-misses, DTLB-stores, DTLB-store-misses, ITLB_loads, ITLB_load-misses,  scale,  IPC, CPUs,  GHz 
RESULT:   PGM,      16,     0.01, 283.48,       268.13,      1.75,       1.48,          0.67,     115.47,        0.00,      72.55,             0.02,       11.14,              0.03,       0.00,             -nan, 100000, 0.95, 1.01, 2.46 
RESULT: PGM,16,109.395,27793380,10753791868,BinarySearch
RESULT:   PGM,       4,     0.01, 267.67,       259.92,      1.73,       1.47,          0.33,     113.66,        0.00,      70.64,             0.01,       11.00,              0.03,       0.00,             -nan, 100000, 0.97, 1.01, 2.36 
RESULT: PGM,4,107.593,118835000,12178731851,BinarySearch
RESULT:   PGM,       8,     0.01, 272.42,       260.51,      1.73,       1.46,          0.64,     110.99,        0.00,      71.46,             0.01,       10.98,              0.03,       0.01,             -nan, 100000, 0.96, 1.01, 2.45 
RESULT: PGM,8,105.106,57372640,11288037738,BinarySearch
RESULT:   PGM,      32,     0.01, 254.27,       256.70,      1.73,       1.47,          0.69,     103.59,        0.00,      67.20,             0.01,       10.99,              0.03,       0.01,             -nan, 100000, 1.01, 1.01, 2.45 
RESULT: PGM,32,97.6668,13610460,10191034706,BinarySearch
RESULT:   PGM,      64,     0.01, 262.05,       275.07,      1.74,       1.47,          0.67,     106.79,        0.00,      68.17,             0.01,       10.98,              0.03,       0.00,             -nan, 100000, 1.05, 1.01, 2.45 
RESULT: PGM,64,101.011,6735660,9899714289,BinarySearch
RESULT:   PGM,     256,     0.01, 264.87,       295.16,      1.74,       1.47,          0.74,     107.94,        0.00,      70.07,             0.01,       10.99,              0.03,       0.03,             -nan, 100000, 1.11, 1.01, 2.45 
RESULT: PGM,256,101.963,1681040,9405089300,BinarySearch
RESULT:   PGM,    1024,     0.01, 260.50,       306.75,      1.74,       1.47,          0.66,     106.12,        0.00,      72.06,             0.01,       10.98,              0.03,       0.00,             -nan, 100000, 1.18, 1.01, 2.45 
RESULT: PGM,1024,100.213,432800,9157059613,BinarySearch
RESULT:   PGM,    2048,     0.01, 236.32,       305.14,      1.74,       1.47,          0.65,      96.23,        0.00,      67.07,             0.01,       10.98,              0.03,       0.00,             -nan, 100000, 1.29, 1.01, 2.46 
RESULT: PGM,2048,90.3415,220660,9078711603,BinarySearch
RESULT:   PGM,    4096,     0.01, 225.78,       300.08,      1.75,       1.47,          0.66,      91.99,        0.00,      64.07,             0.01,        9.99,              0.03,       0.00,             -nan, 100000, 1.33, 1.01, 2.45 
RESULT: PGM,4096,86.0648,113860,9037684167,BinarySearch
RESULT:   PGM,    8192,     0.01, 235.94,       318.87,      1.78,       1.47,          0.69,      96.10,        0.00,      69.06,             0.01,       10.98,              0.03,       0.02,             -nan, 100000, 1.35, 1.01, 2.46 
RESULT: PGM,8192,90.3304,59080,8990573098,BinarySearch
RESULT: PGMCacheL (0, 0.000000, 0),      16,     0.01, 204.50,       172.35,      1.79,       1.47,          0.40,      83.32,        0.00,      56.44,             0.02,       21.30,              0.03,       0.00,             -nan, 100000, 0.84, 1.01, 2.45 
RESULT: PGMCacheL (99562, 0.000000, 100000),16,77.4306,27793380,10821587697,BinarySearch
RESULT: PGMCacheL (0, 0.000000, 0),       4,     0.01, 206.08,       173.28,      1.79,       1.47,          0.40,      83.96,        0.00,      56.39,             0.02,       21.29,              0.03,       0.00,             -nan, 100000, 0.84, 1.01, 2.45 
RESULT: PGMCacheL (99562, 0.000000, 100000),4,78.0633,118835000,12282386084,BinarySearch
RESULT: PGMCacheL (0, 0.000000, 0),       8,     0.01, 207.36,       172.98,      1.78,       1.46,          0.39,      84.49,        0.00,      56.34,             0.02,       21.26,              0.03,       0.00,             -nan, 100000, 0.83, 1.01, 2.45 
RESULT: PGMCacheL (99562, 0.000000, 100000),8,78.6062,57372640,11291551787,BinarySearch
RESULT: PGMCacheL (0, 0.000000, 0),      32,     0.01, 205.66,       173.79,      1.79,       1.46,          0.40,      80.51,        0.00,      56.35,             0.02,       21.28,              0.03,       0.00,             -nan, 100000, 0.84, 1.01, 2.55 
RESULT: PGMCacheL (99562, 0.000000, 100000),32,74.7108,13610460,10182863555,BinarySearch
RESULT: PGMCacheL (0, 0.000000, 0),      64,     0.01, 203.48,       172.27,      1.79,       1.47,          0.40,      82.90,        0.00,      56.33,             0.02,       21.27,              0.03,       0.00,             -nan, 100000, 0.85, 1.01, 2.45 
RESULT: PGMCacheL (99562, 0.000000, 100000),64,77.1435,6735660,9956934747,BinarySearch
RESULT: PGMCacheL (0, 0.000000, 0),     256,     0.01, 205.41,       172.47,      1.80,       1.47,          0.40,      83.68,        0.00,      56.37,             0.02,       21.28,              0.03,       0.00,             -nan, 100000, 0.84, 1.01, 2.45 
RESULT: PGMCacheL (99562, 0.000000, 100000),256,77.7712,1681040,9446528485,BinarySearch
RESULT: PGMCacheL (0, 0.000000, 0),    1024,     0.01, 204.13,       172.36,      1.80,       1.47,          0.40,      83.14,        0.00,      56.32,             0.02,       21.26,              0.03,       0.00,             -nan, 100000, 0.84, 1.01, 2.46 
RESULT: PGMCacheL (99562, 0.000000, 100000),1024,77.2484,432800,9192505944,BinarySearch
RESULT: PGMCacheL (0, 0.000000, 0),    2048,     0.01, 204.00,       172.34,      1.81,       1.47,          0.40,      83.11,        0.00,      56.34,             0.02,       21.28,              0.03,       0.00,             -nan, 100000, 0.84, 1.01, 2.45 
RESULT: PGMCacheL (99562, 0.000000, 100000),2048,77.1694,220660,9118363133,BinarySearch
RESULT: PGMCacheL (0, 0.000000, 0),    4096,     0.01, 203.48,       172.43,      1.82,       1.47,          0.40,      82.90,        0.00,      56.30,             0.02,       21.26,              0.03,       0.00,             -nan, 100000, 0.85, 1.01, 2.45 
RESULT: PGMCacheL (99562, 0.000000, 100000),4096,77.1685,113860,9092616512,BinarySearch
RESULT: PGMCacheL (0, 0.000000, 0),    8192,     0.01, 213.70,       173.47,      1.83,       1.47,          0.40,      89.53,        0.00,      56.36,             0.02,       21.28,              0.03,       0.00,             -nan, 100000, 0.81, 1.01, 2.39 
RESULT: PGMCacheL (99562, 0.000000, 100000),8192,83.7926,59080,9028948988,BinarySearch
RESULT: PGMCacheR (0, 0.000000, 0),      16,     0.01, 204.83,       172.48,      1.78,       1.46,          0.40,      87.01,        0.00,      56.38,             0.02,       21.28,              0.03,       0.00,             -nan, 100000, 0.84, 1.01, 2.35 
RESULT: PGMCacheR (99562, 0.000000, 100000),16,80.9889,27793380,10819833609,BinarySearch
RESULT: PGMCacheR (0, 0.000000, 0),       4,     0.01, 204.56,       172.28,      1.78,       1.46,          0.40,      83.31,        0.00,      56.38,             0.02,       21.27,              0.03,       0.00,             -nan, 100000, 0.84, 1.01, 2.46 
RESULT: PGMCacheR (99562, 0.000000, 100000),4,77.4163,118835000,12281346910,BinarySearch
RESULT: PGMCacheR (0, 0.000000, 0),       8,     0.01, 206.02,       171.61,      1.77,       1.46,          0.39,      83.91,        0.00,      56.34,             0.02,       21.26,              0.03,       0.00,             -nan, 100000, 0.83, 1.01, 2.46 
RESULT: PGMCacheR (99562, 0.000000, 100000),8,78.0252,57372640,11294378037,BinarySearch
RESULT: PGMCacheR (0, 0.000000, 0),      32,     0.01, 205.85,       173.13,      1.79,       1.46,          0.40,      83.88,        0.00,      56.35,             0.02,       21.28,              0.03,       0.00,             -nan, 100000, 0.84, 1.01, 2.45 
RESULT: PGMCacheR (99562, 0.000000, 100000),32,77.9487,13610460,10182087467,BinarySearch
RESULT: PGMCacheR (0, 0.000000, 0),      64,     0.01, 206.44,       173.01,      1.79,       1.47,          0.40,      84.13,        0.00,      56.33,             0.02,       21.27,              0.03,       0.00,             -nan, 100000, 0.84, 1.01, 2.45 
RESULT: PGMCacheR (99562, 0.000000, 100000),64,78.3609,6735660,9955376203,BinarySearch
RESULT: PGMCacheR (0, 0.000000, 0),     256,     0.01, 204.58,       172.21,      1.80,       1.47,          0.41,      83.34,        0.00,      56.37,             0.02,       21.28,              0.03,       0.00,             -nan, 100000, 0.84, 1.01, 2.45 
RESULT: PGMCacheR (99562, 0.000000, 100000),256,77.5768,1681040,9447371952,BinarySearch
RESULT: PGMCacheR (0, 0.000000, 0),    1024,     0.01, 204.32,       172.29,      1.80,       1.47,          0.40,      83.23,        0.00,      56.32,             0.02,       21.26,              0.03,       0.00,             -nan, 100000, 0.84, 1.01, 2.45 
RESULT: PGMCacheR (99562, 0.000000, 100000),1024,77.3446,432800,9204393469,BinarySearch
RESULT: PGMCacheR (0, 0.000000, 0),    2048,     0.01, 204.61,       172.87,      1.81,       1.48,          0.41,      83.34,        0.00,      56.35,             0.02,       21.28,              0.03,       0.00,             -nan, 100000, 0.84, 1.01, 2.46 
RESULT: PGMCacheR (99562, 0.000000, 100000),2048,77.4113,220660,9115453048,BinarySearch
RESULT: PGMCacheR (0, 0.000000, 0),    4096,     0.01, 203.59,       172.35,      1.81,       1.47,          0.40,      82.93,        0.00,      56.30,             0.02,       21.26,              0.03,       0.00,             -nan, 100000, 0.85, 1.01, 2.46 
RESULT: PGMCacheR (99562, 0.000000, 100000),4096,77.0121,113860,9115386299,BinarySearch
RESULT: PGMCacheR (0, 0.000000, 0),    8192,     0.01, 204.92,       172.19,      1.83,       1.48,          0.42,      83.49,        0.00,      56.35,             0.02,       21.28,              0.03,       0.00,             -nan, 100000, 0.84, 1.01, 2.45 
RESULT: PGMCacheR (99562, 0.000000, 100000),8192,77.5696,59080,9054274074,BinarySearch
