Repeating lookup code 1 time(s).
Using 1 thread(s).
read 200000000 values from ./data/osm_cellids_200M_uint64 in 769 ms (260.078 M values/s)
data is unique
read 50000 values from ./data/osm_cellids_200M_uint64_equality_lookups_zipf_50K_3 in 4 ms (12.5 M values/s)
index, variant, time sec, cycles, instructions, L1-misses, LLC-misses, branch-misses, task-clock, page-faults, DTLB-loads, DTLB-load-misses, DTLB-stores, DTLB-store-misses, ITLB_loads, ITLB_load-misses, scale,  IPC, CPUs,  GHz 
RESULT:   PGM,      16,     0.01, 300.51,       288.74,      3.19,       2.94,          0.29,     122.37,        0.00,      73.01,             0.02,       17.20,              0.05,       0.00,             -nan, 50000, 0.96, 1.02, 2.46 
RESULT: PGM,16,110.671,27793380,10725582535,BinarySearch
RESULT:   PGM,       4,     0.01, 277.28,       266.91,      3.16,       2.92,          0.11,     112.99,        0.00,      70.75,             0.02,       16.95,              0.05,       0.00,             -nan, 50000, 0.96, 1.02, 2.45 
RESULT: PGM,4,101.082,118835000,12153636651,BinarySearch
RESULT:   PGM,       8,     0.01, 286.72,       277.42,      3.15,       2.91,          0.27,     116.86,        0.00,      71.69,             0.02,       16.94,              0.05,       0.00,             -nan, 50000, 0.97, 1.02, 2.45 
RESULT: PGM,8,105.114,57372640,11242417910,BinarySearch
RESULT:   PGM,      32,     0.01, 265.80,       271.85,      3.15,       2.92,          0.27,     108.32,        0.00,      67.54,             0.02,       16.94,              0.05,       0.00,             -nan, 50000, 1.02, 1.02, 2.45 
RESULT: PGM,32,96.4204,13610460,10177827976,BinarySearch
RESULT:   PGM,      64,     0.01, 266.28,       282.85,      3.15,       2.92,          0.26,     108.49,        0.00,      68.54,             0.02,       16.94,              0.05,       0.00,             -nan, 50000, 1.06, 1.02, 2.45 
RESULT: PGM,64,96.9657,6735660,9868812497,BinarySearch
RESULT:   PGM,     256,     0.01, 270.31,       304.61,      3.15,       2.92,          0.33,     110.16,        0.00,      70.52,             0.02,       16.94,              0.05,       0.02,             -nan, 50000, 1.13, 1.02, 2.45 
RESULT: PGM,256,98.3228,1681040,9387286169,BinarySearch
RESULT:   PGM,    1024,     0.01, 275.71,       326.58,      3.16,       2.91,          0.26,     107.92,        0.00,      72.52,             0.02,       16.94,              0.06,       0.00,             -nan, 50000, 1.18, 1.02, 2.55 
RESULT: PGM,1024,96.213,432800,9138324077,BinarySearch
RESULT:   PGM,    2048,     0.00, 245.02,       311.58,      3.16,       2.92,          0.26,      99.83,        0.00,      67.52,             0.02,       16.94,              0.05,       0.00,             -nan, 50000, 1.27, 1.02, 2.45 
RESULT: PGM,2048,88.0487,220660,9065174165,BinarySearch
RESULT:   PGM,    4096,     0.00, 236.26,       311.59,      3.16,       2.91,          0.26,      96.28,        0.00,      64.52,             0.02,       15.94,              0.05,       0.00,             -nan, 50000, 1.32, 1.02, 2.45 
RESULT: PGM,4096,84.4858,113860,9027223649,BinarySearch
RESULT:   PGM,    8192,     0.00, 246.05,       333.71,      3.17,       2.91,          0.26,     100.25,        0.00,      69.56,             0.02,       16.96,              0.05,       0.00,             -nan, 50000, 1.36, 1.02, 2.45 
RESULT: PGM,8192,88.7615,59080,8972811700,BinarySearch
RESULT: PGMCacheL (0, 0.000000, 0),      16,     0.00, 236.08,       182.70,      3.17,       2.93,          0.15,      96.21,        0.00,      58.32,             0.02,       27.08,              0.05,       0.00,             -nan, 50000, 0.77, 1.02, 2.45 
RESULT: PGMCacheL (49951, 0.000000, 50000),16,84.3191,27793380,10783027750,BinarySearch
RESULT: PGMCacheL (0, 0.000000, 0),       4,     0.00, 232.62,       182.05,      3.16,       2.91,          0.14,      94.82,        0.00,      58.16,             0.02,       26.98,              0.05,       0.00,             -nan, 50000, 0.78, 1.02, 2.45 
RESULT: PGMCacheL (49951, 0.000000, 50000),4,82.8846,118835000,12249064715,BinarySearch
RESULT: PGMCacheL (0, 0.000000, 0),       8,     0.00, 236.79,       182.04,      3.16,       2.91,          0.14,      96.51,        0.00,      58.15,             0.02,       26.98,              0.05,       0.00,             -nan, 50000, 0.77, 1.02, 2.45 
RESULT: PGMCacheL (49951, 0.000000, 50000),8,84.6284,57372640,11274450445,BinarySearch
RESULT: PGMCacheL (0, 0.000000, 0),      32,     0.00, 232.58,       183.02,      3.16,       2.92,          0.15,      94.81,        0.00,      58.33,             0.02,       27.05,              0.05,       0.00,             -nan, 50000, 0.79, 1.02, 2.45 
RESULT: PGMCacheL (49951, 0.000000, 50000),32,82.9474,13610460,10171072396,BinarySearch
RESULT: PGMCacheL (0, 0.000000, 0),      64,     0.00, 236.78,       182.32,      3.17,       2.94,          0.15,      92.73,        0.00,      58.23,             0.02,       27.03,              0.05,       0.00,             -nan, 50000, 0.77, 1.02, 2.55 
RESULT: PGMCacheL (49951, 0.000000, 50000),64,81.3291,6735660,9953272595,BinarySearch
RESULT: PGMCacheL (0, 0.000000, 0),     256,     0.00, 234.01,       182.07,      3.16,       2.91,          0.15,      95.36,        0.00,      58.16,             0.02,       26.98,              0.05,       0.00,             -nan, 50000, 0.78, 1.02, 2.45 
RESULT: PGMCacheL (49951, 0.000000, 50000),256,83.4263,1681040,9421153711,BinarySearch
RESULT: PGMCacheL (0, 0.000000, 0),    1024,     0.00, 240.94,       182.10,      3.16,       2.91,          0.15,      98.17,        0.00,      58.16,             0.02,       26.98,              0.05,       0.00,             -nan, 50000, 0.76, 1.02, 2.45 
RESULT: PGMCacheL (49951, 0.000000, 50000),1024,86.236,432800,9173648550,BinarySearch
RESULT: PGMCacheL (0, 0.000000, 0),    2048,     0.00, 232.84,       182.16,      3.17,       2.93,          0.15,      94.90,        0.00,      58.18,             0.02,       27.00,              0.05,       0.00,             -nan, 50000, 0.78, 1.02, 2.45 
RESULT: PGMCacheL (49951, 0.000000, 50000),2048,82.9459,220660,9098125436,BinarySearch
RESULT: PGMCacheL (0, 0.000000, 0),    4096,     0.00, 234.52,       182.38,      3.17,       2.92,          0.15,      95.56,        0.00,      58.21,             0.02,       27.03,              0.05,       0.00,             -nan, 50000, 0.78, 1.02, 2.45 
RESULT: PGMCacheL (49951, 0.000000, 50000),4096,84.0547,113860,9075946070,BinarySearch
RESULT: PGMCacheL (0, 0.000000, 0),    8192,     0.00, 235.39,       182.26,      3.17,       2.91,          0.14,      95.96,        0.00,      58.17,             0.02,       27.01,              0.05,       0.00,             -nan, 50000, 0.77, 1.02, 2.45 
RESULT: PGMCacheL (49951, 0.000000, 50000),8192,84.0202,59080,9009615890,BinarySearch
RESULT: PGMCacheR (0, 0.000000, 0),      16,     0.00, 234.58,       182.61,      3.17,       2.92,          0.15,      95.59,        0.00,      58.30,             0.02,       27.06,              0.05,       0.00,             -nan, 50000, 0.78, 1.02, 2.45 
RESULT: PGMCacheR (49951, 0.000000, 50000),16,83.5924,27793380,10784476549,BinarySearch
RESULT: PGMCacheR (0, 0.000000, 0),       4,     0.00, 233.81,       182.24,      3.16,       2.91,          0.14,      95.32,        0.00,      58.18,             0.02,       27.01,              0.05,       0.00,             -nan, 50000, 0.78, 1.02, 2.45 
RESULT: PGMCacheR (49951, 0.000000, 50000),4,83.4349,118835000,12250180506,BinarySearch
RESULT: PGMCacheR (0, 0.000000, 0),       8,     0.00, 237.78,       182.35,      3.17,       2.92,          0.15,      96.88,        0.00,      58.22,             0.02,       27.03,              0.05,       0.00,             -nan, 50000, 0.77, 1.02, 2.45 
RESULT: PGMCacheR (49951, 0.000000, 50000),8,85.0478,57372640,11276484034,BinarySearch
RESULT: PGMCacheR (0, 0.000000, 0),      32,     0.00, 234.03,       182.20,      3.16,       2.91,          0.15,      95.39,        0.00,      58.17,             0.02,       27.01,              0.05,       0.00,             -nan, 50000, 0.78, 1.02, 2.45 
RESULT: PGMCacheR (49951, 0.000000, 50000),32,83.485,13610460,10171075158,BinarySearch
RESULT: PGMCacheR (0, 0.000000, 0),      64,     0.00, 235.20,       182.35,      3.17,       2.92,          0.15,      95.81,        0.00,      58.21,             0.02,       27.03,              0.05,       0.00,             -nan, 50000, 0.78, 1.02, 2.45 
RESULT: PGMCacheR (49951, 0.000000, 50000),64,84.3609,6735660,9935012779,BinarySearch
RESULT: PGMCacheR (0, 0.000000, 0),     256,     0.00, 233.32,       182.24,      3.17,       2.92,          0.15,      95.11,        0.00,      58.18,             0.02,       27.01,              0.05,       0.00,             -nan, 50000, 0.78, 1.02, 2.45 
RESULT: PGMCacheR (49951, 0.000000, 50000),256,83.5283,1681040,9420430101,BinarySearch
RESULT: PGMCacheR (0, 0.000000, 0),    1024,     0.00, 234.13,       182.27,      3.17,       2.91,          0.15,      95.42,        0.00,      58.18,             0.02,       27.01,              0.05,       0.00,             -nan, 50000, 0.78, 1.02, 2.45 
RESULT: PGMCacheR (49951, 0.000000, 50000),1024,83.5094,432800,9174220469,BinarySearch
RESULT: PGMCacheR (0, 0.000000, 0),    2048,     0.00, 233.36,       182.23,      3.17,       2.91,          0.15,      95.10,        0.00,      58.17,             0.02,       27.01,              0.05,       0.00,             -nan, 50000, 0.78, 1.02, 2.45 
RESULT: PGMCacheR (49951, 0.000000, 50000),2048,83.2752,220660,9097647885,BinarySearch
RESULT: PGMCacheR (0, 0.000000, 0),    4096,     0.00, 235.95,       182.38,      3.17,       2.91,          0.15,      96.19,        0.00,      58.21,             0.02,       27.03,              0.05,       0.00,             -nan, 50000, 0.77, 1.02, 2.45 
RESULT: PGMCacheR (49951, 0.000000, 50000),4096,84.3494,113860,9076882568,BinarySearch
RESULT: PGMCacheR (0, 0.000000, 0),    8192,     0.00, 234.00,       182.29,      3.17,       2.91,          0.15,      95.36,        0.00,      58.18,             0.02,       27.01,              0.05,       0.00,             -nan, 50000, 0.78, 1.02, 2.45 
RESULT: PGMCacheR (49951, 0.000000, 50000),8192,83.5062,59080,9009208049,BinarySearch
