Repeating lookup code 1 time(s).
Using 1 thread(s).
read 200000000 values from ./data/osm_cellids_200M_uint64 in 770 ms (259.74 M values/s)
data is unique
read 50000 values from ./data/osm_cellids_200M_uint64_equality_lookups_zipf_50K_2 in 4 ms (12.5 M values/s)
index, variant, time sec, cycles, instructions, L1-misses, LLC-misses, branch-misses, task-clock, page-faults, DTLB-loads, DTLB-load-misses, DTLB-stores, DTLB-store-misses, ITLB_loads, ITLB_load-misses, scale,  IPC, CPUs,  GHz 
RESULT:   PGM,      16,     0.01, 315.53,       288.62,      3.22,       2.95,          0.72,     128.60,        0.00,      72.99,             0.03,       17.19,              0.05,       0.00,             -nan, 50000, 0.91, 1.02, 2.45 
RESULT: PGM,16,116.392,27793380,10713911874,BinarySearch
RESULT:   PGM,       4,     0.01, 285.97,       268.65,      3.18,       2.92,          0.36,     116.50,        0.00,      70.96,             0.02,       16.95,              0.05,       0.00,             -nan, 50000, 0.94, 1.02, 2.45 
RESULT: PGM,4,104.636,118835000,12196319922,BinarySearch
RESULT:   PGM,       8,     0.01, 298.88,       278.22,      3.18,       2.92,          0.67,     121.96,        0.00,      71.79,             0.02,       16.94,              0.05,       0.01,             -nan, 50000, 0.93, 1.02, 2.45 
RESULT: PGM,8,109.903,57372640,11252945966,BinarySearch
RESULT:   PGM,      32,     0.01, 277.47,       271.31,      3.18,       2.92,          0.72,     113.05,        0.00,      67.49,             0.02,       16.94,              0.05,       0.01,             -nan, 50000, 0.98, 1.02, 2.45 
RESULT: PGM,32,101.122,13610460,10165698817,BinarySearch
RESULT:   PGM,      64,     0.01, 277.45,       282.31,      3.18,       2.92,          0.70,     113.07,        0.00,      68.49,             0.02,       16.94,              0.05,       0.00,             -nan, 50000, 1.02, 1.02, 2.45 
RESULT: PGM,64,101.523,6735660,9871468809,BinarySearch
RESULT:   PGM,     256,     0.01, 281.95,       303.31,      3.18,       2.92,          0.78,     114.91,        0.00,      70.39,             0.02,       16.94,              0.05,       0.02,             -nan, 50000, 1.08, 1.02, 2.45 
RESULT: PGM,256,102.911,1681040,9385379168,BinarySearch
RESULT:   PGM,    1024,     0.01, 286.35,       325.31,      3.19,       2.92,          0.69,     116.67,        0.00,      72.39,             0.02,       16.95,              0.05,       0.00,             -nan, 50000, 1.14, 1.02, 2.45 
RESULT: PGM,1024,104.618,432800,9139489369,BinarySearch
RESULT:   PGM,    2048,     0.01, 253.68,       310.31,      3.19,       2.92,          0.70,     103.39,        0.00,      67.39,             0.02,       16.94,              0.05,       0.00,             -nan, 50000, 1.22, 1.02, 2.45 
RESULT: PGM,2048,91.4467,220660,9061905436,BinarySearch
RESULT:   PGM,    4096,     0.00, 248.87,       310.30,      3.21,       2.93,          0.69,     101.45,        0.00,      64.39,             0.02,       15.95,              0.05,       0.01,             -nan, 50000, 1.25, 1.02, 2.45 
RESULT: PGM,4096,89.5577,113860,9022627394,BinarySearch
RESULT:   PGM,    8192,     0.01, 255.84,       332.29,      3.23,       2.93,          0.69,     104.30,        0.00,      69.39,             0.02,       16.94,              0.05,       0.00,             -nan, 50000, 1.30, 1.02, 2.45 
RESULT: PGM,8192,92.6288,59080,8975988086,BinarySearch
RESULT: PGMCacheL (0, 0.000000, 0),      16,     0.01, 250.95,       186.35,      3.25,       2.93,          0.44,     102.27,        0.00,      59.13,             0.03,       27.49,              0.05,       0.00,             -nan, 50000, 0.74, 1.02, 2.45 
RESULT: PGMCacheL (49680, 0.000000, 50000),16,90.2828,27793380,10797087560,BinarySearch
RESULT: PGMCacheL (0, 0.000000, 0),       4,     0.00, 249.29,       185.37,      3.22,       2.92,          0.43,     101.59,        0.00,      58.87,             0.03,       27.35,              0.05,       0.00,             -nan, 50000, 0.74, 1.02, 2.45 
RESULT: PGMCacheL (49680, 0.000000, 50000),4,89.6992,118835000,12244763341,BinarySearch
RESULT: PGMCacheL (0, 0.000000, 0),       8,     0.01, 252.32,       185.55,      3.22,       2.92,          0.43,     102.82,        0.00,      58.91,             0.03,       27.37,              0.05,       0.00,             -nan, 50000, 0.74, 1.02, 2.45 
RESULT: PGMCacheL (49680, 0.000000, 50000),8,90.8769,57372640,11259808468,BinarySearch
RESULT: PGMCacheL (0, 0.000000, 0),      32,     0.00, 249.18,       185.30,      3.23,       2.92,          0.43,     101.56,        0.00,      58.82,             0.03,       27.35,              0.05,       0.00,             -nan, 50000, 0.74, 1.02, 2.45 
RESULT: PGMCacheL (49680, 0.000000, 50000),32,89.5994,13610460,10165468774,BinarySearch
RESULT: PGMCacheL (0, 0.000000, 0),      64,     0.00, 249.64,       185.54,      3.24,       2.92,          0.44,     101.76,        0.00,      58.87,             0.03,       27.38,              0.05,       0.00,             -nan, 50000, 0.74, 1.02, 2.45 
RESULT: PGMCacheL (49680, 0.000000, 50000),64,90.1706,6735660,9935401470,BinarySearch
RESULT: PGMCacheL (0, 0.000000, 0),     256,     0.00, 250.09,       185.49,      3.24,       2.92,          0.44,     101.91,        0.00,      58.83,             0.03,       27.35,              0.05,       0.00,             -nan, 50000, 0.74, 1.02, 2.45 
RESULT: PGMCacheL (49680, 0.000000, 50000),256,90.127,1681040,9425339791,BinarySearch
RESULT: PGMCacheL (0, 0.000000, 0),    1024,     0.00, 249.23,       185.64,      3.24,       2.92,          0.44,     101.56,        0.00,      58.85,             0.03,       27.36,              0.05,       0.00,             -nan, 50000, 0.74, 1.02, 2.45 
RESULT: PGMCacheL (49680, 0.000000, 50000),1024,89.6039,432800,9175346352,BinarySearch
RESULT: PGMCacheL (0, 0.000000, 0),    2048,     0.00, 249.10,       185.51,      3.25,       2.93,          0.44,     101.51,        0.00,      58.81,             0.03,       27.35,              0.05,       0.00,             -nan, 50000, 0.74, 1.02, 2.45 
RESULT: PGMCacheL (49680, 0.000000, 50000),2048,89.5162,220660,9098324752,BinarySearch
RESULT: PGMCacheL (0, 0.000000, 0),    4096,     0.00, 249.38,       185.72,      3.27,       2.94,          0.44,     101.66,        0.00,      58.86,             0.03,       27.37,              0.05,       0.00,             -nan, 50000, 0.74, 1.02, 2.45 
RESULT: PGMCacheL (49680, 0.000000, 50000),4096,90.0828,113860,9140453383,BinarySearch
RESULT: PGMCacheL (0, 0.000000, 0),    8192,     0.00, 252.31,       185.66,      3.27,       2.94,          0.44,      98.79,        0.00,      58.82,             0.03,       27.35,              0.05,       0.00,             -nan, 50000, 0.74, 1.02, 2.55 
RESULT: PGMCacheL (49680, 0.000000, 50000),8192,87.101,59080,9082359233,BinarySearch
RESULT: PGMCacheR (0, 0.000000, 0),      16,     0.00, 249.31,       185.72,      3.23,       2.92,          0.44,     101.59,        0.00,      58.95,             0.03,       27.39,              0.05,       0.00,             -nan, 50000, 0.74, 1.02, 2.45 
RESULT: PGMCacheR (49680, 0.000000, 50000),16,89.7803,27793380,10863538502,BinarySearch
RESULT: PGMCacheR (0, 0.000000, 0),       4,     0.01, 248.36,       185.50,      3.23,       2.92,          0.43,     105.51,        0.00,      58.91,             0.03,       27.37,              0.05,       0.00,             -nan, 50000, 0.75, 1.02, 2.35 
RESULT: PGMCacheR (49680, 0.000000, 50000),4,93.4098,118835000,12321979246,BinarySearch
RESULT: PGMCacheR (0, 0.000000, 0),       8,     0.00, 253.05,       185.45,      3.22,       2.92,          0.43,      99.09,        0.00,      58.87,             0.03,       27.36,              0.05,       0.00,             -nan, 50000, 0.73, 1.02, 2.55 
RESULT: PGMCacheR (49680, 0.000000, 50000),8,87.3324,57372640,11335379479,BinarySearch
RESULT: PGMCacheR (0, 0.000000, 0),      32,     0.00, 251.44,       185.32,      3.23,       2.92,          0.44,      94.79,        0.00,      58.82,             0.03,       27.36,              0.05,       0.00,             -nan, 50000, 0.74, 1.02, 2.65 
RESULT: PGMCacheR (49680, 0.000000, 50000),32,83.0873,13610460,10181913629,BinarySearch
RESULT: PGMCacheR (0, 0.000000, 0),      64,     0.00, 249.02,       185.38,      3.23,       2.92,          0.44,     101.46,        0.00,      58.83,             0.03,       27.36,              0.05,       0.00,             -nan, 50000, 0.74, 1.02, 2.45 
RESULT: PGMCacheR (49680, 0.000000, 50000),64,89.8877,6735660,9936098968,BinarySearch
RESULT: PGMCacheR (0, 0.000000, 0),     256,     0.00, 249.78,       185.61,      3.24,       2.93,          0.44,     101.80,        0.00,      58.87,             0.03,       27.37,              0.05,       0.00,             -nan, 50000, 0.74, 1.02, 2.45 
RESULT: PGMCacheR (49680, 0.000000, 50000),256,90.1965,1681040,9454446546,BinarySearch
RESULT: PGMCacheR (0, 0.000000, 0),    1024,     0.00, 249.77,       185.63,      3.24,       2.93,          0.44,     101.80,        0.00,      58.85,             0.03,       27.36,              0.05,       0.00,             -nan, 50000, 0.74, 1.02, 2.45 
RESULT: PGMCacheR (49680, 0.000000, 50000),1024,89.7688,432800,9182809136,BinarySearch
RESULT: PGMCacheR (0, 0.000000, 0),    2048,     0.00, 248.82,       185.51,      3.25,       2.93,          0.44,     101.43,        0.00,      58.81,             0.03,       27.35,              0.05,       0.00,             -nan, 50000, 0.75, 1.02, 2.45 
RESULT: PGMCacheR (49680, 0.000000, 50000),2048,89.498,220660,9096876993,BinarySearch
RESULT: PGMCacheR (0, 0.000000, 0),    4096,     0.00, 249.84,       185.73,      3.26,       2.93,          0.44,     101.81,        0.00,      58.86,             0.03,       27.37,              0.05,       0.00,             -nan, 50000, 0.74, 1.02, 2.45 
RESULT: PGMCacheR (49680, 0.000000, 50000),4096,90.016,113860,9077995089,BinarySearch
RESULT: PGMCacheR (0, 0.000000, 0),    8192,     0.00, 250.04,       185.66,      3.27,       2.94,          0.44,     101.87,        0.00,      58.82,             0.03,       27.35,              0.05,       0.00,             -nan, 50000, 0.74, 1.02, 2.45 
RESULT: PGMCacheR (49680, 0.000000, 50000),8192,90.0238,59080,9015193959,BinarySearch
