Repeating lookup code 1 time(s).
Using 1 thread(s).
read 200000000 values from ./data/osm_cellids_200M_uint64 in 779 ms (256.739 M values/s)
data is unique
read 100000 values from ./data/osm_cellids_200M_uint64_equality_lookups_zipf_100K_1 in 0 ms (inf M values/s)
index, variant, time sec, cycles, instructions, L1-misses, LLC-misses, branch-misses, task-clock, page-faults, DTLB-loads, DTLB-load-misses, DTLB-stores, DTLB-store-misses, ITLB_loads, ITLB_load-misses,  scale,  IPC, CPUs,  GHz 
RESULT:   PGM,      16,     0.01, 294.57,       267.21,      1.84,       1.49,          1.04,     119.99,        0.00,      72.62,             0.02,       11.11,              0.03,       0.01,             0.06, 100000, 0.91, 1.01, 2.46 
RESULT: PGM,16,114.027,27793380,10735942837,BinarySearch
RESULT:   PGM,       4,     0.01, 276.64,       261.85,      1.78,       1.48,          0.64,     112.70,        0.00,      70.93,             0.01,       10.99,              0.03,       0.00,             -nan, 100000, 0.95, 1.01, 2.45 
RESULT: PGM,4,106.813,118835000,12223026345,BinarySearch
RESULT:   PGM,       8,     0.01, 279.97,       260.07,      1.78,       1.47,          0.97,     114.07,        0.00,      71.66,             0.01,       10.98,              0.03,       0.02,             -nan, 100000, 0.93, 1.01, 2.45 
RESULT: PGM,8,108.143,57372640,11253588839,BinarySearch
RESULT:   PGM,      32,     0.01, 265.74,       260.08,      1.81,       1.47,          1.08,     104.03,        0.00,      67.25,             0.01,       10.98,              0.03,       0.01,             -nan, 100000, 0.98, 1.01, 2.55 
RESULT: PGM,32,98.1981,13610460,10180743055,BinarySearch
RESULT:   PGM,      64,     0.01, 266.57,       270.40,      1.83,       1.48,          1.05,     104.34,        0.00,      68.21,             0.01,       10.98,              0.03,       0.00,             -nan, 100000, 1.01, 1.01, 2.55 
RESULT: PGM,64,98.6409,6735660,9887067702,BinarySearch
RESULT:   PGM,     256,     0.01, 265.69,       284.73,      1.85,       1.49,          1.12,     108.22,        0.00,      70.07,             0.01,       10.98,              0.03,       0.01,             -nan, 100000, 1.07, 1.01, 2.45 
RESULT: PGM,256,102.287,1681040,9398152646,BinarySearch
RESULT:   PGM,    1024,     0.01, 269.79,       304.52,      1.87,       1.49,          1.04,     109.92,        0.00,      72.05,             0.02,       10.98,              0.03,       0.00,             -nan, 100000, 1.13, 1.01, 2.45 
RESULT: PGM,1024,104.002,432800,9164959864,BinarySearch
RESULT:   PGM,    2048,     0.01, 241.18,       297.12,      1.89,       1.51,          1.04,      98.05,        0.00,      67.06,             0.02,       10.99,              0.03,       0.00,             -nan, 100000, 1.23, 1.01, 2.46 
RESULT: PGM,2048,92.4693,220660,9070083223,BinarySearch
RESULT:   PGM,    4096,     0.01, 233.10,       292.40,      1.92,       1.51,          1.05,      98.98,        0.00,      64.04,             0.02,        9.98,              0.03,       0.00,             -nan, 100000, 1.25, 1.01, 2.36 
RESULT: PGM,4096,92.9425,113860,9030760585,BinarySearch
RESULT:   PGM,    8192,     0.01, 243.58,       316.54,      1.98,       1.52,          1.05,      99.24,        0.00,      69.04,             0.02,       10.99,              0.03,       0.00,             -nan, 100000, 1.30, 1.01, 2.45 
RESULT: PGM,8192,93.4697,59080,8984249453,BinarySearch
RESULT: PGMCacheL (0, 0.000000, 0),      16,     0.01, 234.54,       184.47,      2.01,       1.49,          0.55,      95.56,        0.00,      58.85,             0.03,       21.79,              0.03,       0.00,             -nan, 100000, 0.79, 1.01, 2.45 
RESULT: PGMCacheL (98743, 0.000000, 100000),16,89.6021,27793380,10801218203,BinarySearch
RESULT: PGMCacheL (0, 0.000000, 0),       4,     0.01, 228.68,       180.74,      1.99,       1.48,          0.56,      93.16,        0.00,      58.80,             0.03,       21.80,              0.03,       0.00,             -nan, 100000, 0.79, 1.01, 2.45 
RESULT: PGMCacheL (98743, 0.000000, 100000),4,87.2247,118835000,12265922947,BinarySearch
RESULT: PGMCacheL (0, 0.000000, 0),       8,     0.01, 230.82,       180.34,      1.97,       1.48,          0.54,      94.04,        0.00,      58.69,             0.03,       21.73,              0.03,       0.00,             -nan, 100000, 0.78, 1.01, 2.45 
RESULT: PGMCacheL (98743, 0.000000, 100000),8,88.1576,57372640,11280444094,BinarySearch
RESULT: PGMCacheL (0, 0.000000, 0),      32,     0.01, 243.18,       186.07,      2.02,       1.47,          0.57,      99.02,        0.00,      58.70,             0.03,       21.78,              0.03,       0.00,             -nan, 100000, 0.77, 1.01, 2.46 
RESULT: PGMCacheL (98743, 0.000000, 100000),32,93.1361,13610460,10183104113,BinarySearch
RESULT: PGMCacheL (0, 0.000000, 0),      64,     0.01, 232.71,       183.98,      2.02,       1.48,          0.55,      94.83,        0.00,      58.60,             0.03,       21.73,              0.03,       0.00,             -nan, 100000, 0.79, 1.01, 2.45 
RESULT: PGMCacheL (98743, 0.000000, 100000),64,89.0889,6735660,9950431464,BinarySearch
RESULT: PGMCacheL (0, 0.000000, 0),     256,     0.01, 233.67,       184.33,      2.08,       1.49,          0.58,      95.19,        0.00,      58.70,             0.03,       21.78,              0.03,       0.00,             -nan, 100000, 0.79, 1.01, 2.45 
RESULT: PGMCacheL (98743, 0.000000, 100000),256,89.2593,1681040,9432784956,BinarySearch
RESULT: PGMCacheL (0, 0.000000, 0),    1024,     0.01, 229.32,       180.95,      2.10,       1.50,          0.57,      93.39,        0.00,      58.60,             0.03,       21.72,              0.03,       0.00,             -nan, 100000, 0.79, 1.01, 2.46 
RESULT: PGMCacheL (98743, 0.000000, 100000),1024,87.5009,432800,9182664693,BinarySearch
RESULT: PGMCacheL (0, 0.000000, 0),    2048,     0.01, 230.32,       180.98,      2.13,       1.51,          0.58,      93.82,        0.00,      58.65,             0.03,       21.78,              0.03,       0.00,             -nan, 100000, 0.79, 1.01, 2.46 
RESULT: PGMCacheL (98743, 0.000000, 100000),2048,87.9156,220660,9108823986,BinarySearch
RESULT: PGMCacheL (0, 0.000000, 0),    4096,     0.01, 232.53,       183.88,      2.17,       1.53,          0.57,      98.75,        0.00,      58.57,             0.03,       21.73,              0.03,       0.00,             -nan, 100000, 0.79, 1.01, 2.35 
RESULT: PGMCacheL (98743, 0.000000, 100000),4096,92.8624,113860,9085682722,BinarySearch
RESULT: PGMCacheL (0, 0.000000, 0),    8192,     0.01, 237.48,       184.44,      2.21,       1.53,          0.58,      96.76,        0.00,      58.67,             0.03,       21.78,              0.03,       0.00,             -nan, 100000, 0.78, 1.01, 2.45 
RESULT: PGMCacheL (98743, 0.000000, 100000),8192,90.8344,59080,9020322199,BinarySearch
RESULT: PGMCacheR (0, 0.000000, 0),      16,     0.01, 228.48,       180.86,      1.98,       1.48,          0.55,      93.09,        0.00,      58.73,             0.03,       21.75,              0.03,       0.00,             -nan, 100000, 0.79, 1.01, 2.45 
RESULT: PGMCacheR (98743, 0.000000, 100000),16,87.1415,27793380,10798690745,BinarySearch
RESULT: PGMCacheR (0, 0.000000, 0),       4,     0.01, 228.11,       180.83,      1.99,       1.48,          0.55,      92.93,        0.00,      58.78,             0.03,       21.78,              0.03,       0.00,             -nan, 100000, 0.79, 1.01, 2.45 
RESULT: PGMCacheR (98743, 0.000000, 100000),4,87.0991,118835000,12264653462,BinarySearch
RESULT: PGMCacheR (0, 0.000000, 0),       8,     0.01, 235.72,       183.86,      1.97,       1.48,          0.54,      96.04,        0.00,      58.69,             0.03,       21.73,              0.03,       0.00,             -nan, 100000, 0.78, 1.01, 2.45 
RESULT: PGMCacheR (98743, 0.000000, 100000),8,90.1369,57372640,11283049688,BinarySearch
RESULT: PGMCacheR (0, 0.000000, 0),      32,     0.01, 234.15,       184.07,      2.02,       1.48,          0.56,      88.23,        0.00,      58.70,             0.03,       21.78,              0.03,       0.00,             -nan, 100000, 0.79, 1.01, 2.65 
RESULT: PGMCacheR (98743, 0.000000, 100000),32,82.4632,13610460,10181565962,BinarySearch
RESULT: PGMCacheR (0, 0.000000, 0),      64,     0.01, 228.01,       180.36,      2.02,       1.48,          0.55,      92.90,        0.00,      58.60,             0.03,       21.73,              0.03,       0.00,             -nan, 100000, 0.79, 1.01, 2.45 
RESULT: PGMCacheR (98743, 0.000000, 100000),64,87.1451,6735660,9957951676,BinarySearch
RESULT: PGMCacheR (0, 0.000000, 0),     256,     0.01, 231.05,       182.97,      2.07,       1.49,          0.58,      90.45,        0.00,      58.71,             0.03,       21.78,              0.03,       0.00,             -nan, 100000, 0.79, 1.01, 2.55 
RESULT: PGMCacheR (98743, 0.000000, 100000),256,84.7775,1681040,9433601064,BinarySearch
RESULT: PGMCacheR (0, 0.000000, 0),    1024,     0.01, 228.56,       180.75,      2.11,       1.50,          0.57,      93.11,        0.00,      58.60,             0.03,       21.72,              0.03,       0.00,             -nan, 100000, 0.79, 1.01, 2.45 
RESULT: PGMCacheR (98743, 0.000000, 100000),1024,87.2148,432800,9185812457,BinarySearch
RESULT: PGMCacheR (0, 0.000000, 0),    2048,     0.01, 232.38,       182.83,      2.14,       1.51,          0.58,      90.97,        0.00,      58.65,             0.03,       21.78,              0.03,       0.00,             -nan, 100000, 0.79, 1.01, 2.55 
RESULT: PGMCacheR (98743, 0.000000, 100000),2048,85.1688,220660,9107549026,BinarySearch
RESULT: PGMCacheR (0, 0.000000, 0),    4096,     0.01, 234.22,       184.18,      2.16,       1.52,          0.56,      95.45,        0.00,      58.57,             0.03,       21.73,              0.03,       0.00,             -nan, 100000, 0.79, 1.01, 2.45 
RESULT: PGMCacheR (98743, 0.000000, 100000),4096,89.5238,113860,9084308334,BinarySearch
RESULT: PGMCacheR (0, 0.000000, 0),    8192,     0.01, 229.42,       181.19,      2.21,       1.53,          0.58,      93.45,        0.00,      58.67,             0.03,       21.78,              0.03,       0.00,             -nan, 100000, 0.79, 1.01, 2.46 
RESULT: PGMCacheR (98743, 0.000000, 100000),8192,87.5284,59080,9020657426,BinarySearch
