Repeating lookup code 1 time(s).
Using 1 thread(s).
read 200000000 values from ./data/osm_cellids_200M_uint64 in 777 ms (257.4 M values/s)
data is unique
read 500000 values from ./data/osm_cellids_200M_uint64_equality_lookups_zipf_500K_3 in 3 ms (166.667 M values/s)
index, variant, time sec, cycles, instructions, L1-misses, LLC-misses, branch-misses, task-clock, page-faults, DTLB-loads, DTLB-load-misses, DTLB-stores, DTLB-store-misses, ITLB_loads, ITLB_load-misses,  scale,  IPC, CPUs,  GHz 
RESULT:   PGM,      16,     0.04, 282.09,       291.33,      0.62,       0.37,          0.22,      86.33,        0.00,      69.79,             0.01,        6.36,              0.01,       0.00,             0.00, 500000, 1.03, 1.00, 3.27 
RESULT: PGM,16,85.1219,27793380,10729854851,BinarySearch
RESULT:   PGM,       4,     0.04, 256.69,       267.72,      0.61,       0.38,          0.06,      80.85,        0.00,      68.56,             0.01,        6.40,              0.01,       0.00,             0.00, 500000, 1.04, 1.00, 3.18 
RESULT: PGM,4,79.6897,118835000,12211720465,BinarySearch
RESULT:   PGM,       8,     0.04, 266.23,       279.17,      0.62,       0.37,          0.21,      85.42,        0.00,      69.29,             0.01,        6.36,              0.01,       0.00,             0.00, 500000, 1.05, 1.00, 3.12 
RESULT: PGM,8,84.2312,57372640,11263584597,BinarySearch
RESULT:   PGM,      32,     0.04, 243.88,       273.75,      0.62,       0.38,          0.22,      78.44,        0.00,      65.00,             0.01,        6.35,              0.01,       0.00,             0.00, 500000, 1.12, 1.00, 3.11 
RESULT: PGM,32,77.2731,13610460,10177728190,BinarySearch
RESULT:   PGM,      64,     0.04, 247.15,       285.75,      0.62,       0.38,          0.21,      78.13,        0.00,      65.58,             0.01,        6.32,              0.01,       0.00,             0.00, 500000, 1.16, 1.00, 3.16 
RESULT: PGM,64,76.9782,6735660,9880933904,BinarySearch
RESULT:   PGM,     256,     0.04, 250.15,       305.95,      0.62,       0.38,          0.28,      78.46,        0.00,      68.45,             0.01,        6.35,              0.01,       0.02,             0.00, 500000, 1.22, 1.00, 3.19 
RESULT: PGM,256,77.2756,1681040,9406437098,BinarySearch
RESULT:   PGM,    1024,     0.04, 277.78,       351.19,      0.62,       0.37,          0.20,      83.28,        0.00,      68.35,             0.01,        6.25,              0.01,       0.00,             0.00, 500000, 1.26, 1.00, 3.34 
RESULT: PGM,1024,82.1328,432800,9148953008,BinarySearch
RESULT:   PGM,    2048,     0.03, 222.90,       315.37,      0.64,       0.39,          0.20,      69.84,        0.00,      63.49,             0.01,        6.23,              0.01,       0.00,             0.00, 500000, 1.41, 1.00, 3.19 
RESULT: PGM,2048,68.653,220660,9070877202,BinarySearch
RESULT:   PGM,    4096,     0.03, 216.66,       314.33,      0.65,       0.39,          0.21,      69.06,        0.00,      60.60,             0.01,        5.24,              0.01,       0.00,             0.00, 500000, 1.45, 1.00, 3.14 
RESULT: PGM,4096,67.8685,113860,9033186790,BinarySearch
RESULT:   PGM,    8192,     0.04, 223.30,       335.35,      0.65,       0.38,          0.21,      72.68,        0.00,      66.35,             0.01,        6.28,              0.01,       0.00,             0.00, 500000, 1.50, 1.00, 3.07 
RESULT: PGM,8192,71.5231,59080,8987376868,BinarySearch
RESULT: PGMCacheL (0, 0.000000, 0),      16,     0.03, 156.97,       161.57,      0.66,       0.43,          0.07,      53.27,        0.00,      51.73,             0.01,       16.23,              0.01,       0.00,             0.00, 500000, 1.03, 1.00, 2.95 
RESULT: PGMCacheL (499899, 0.000000, 500000),16,52.0739,27793380,10797588131,BinarySearch
RESULT: PGMCacheL (0, 0.000000, 0),       4,     0.03, 157.96,       163.93,      0.66,       0.43,          0.07,      53.07,        0.00,      51.52,             0.01,       16.22,              0.01,       0.00,             0.00, 500000, 1.04, 1.00, 2.98 
RESULT: PGMCacheL (499899, 0.000000, 500000),4,51.8811,118835000,12271051881,BinarySearch
RESULT: PGMCacheL (0, 0.000000, 0),       8,     0.03, 160.26,       164.01,      0.66,       0.42,          0.07,      54.40,        0.00,      51.20,             0.01,       16.22,              0.01,       0.00,             0.00, 500000, 1.02, 1.00, 2.95 
RESULT: PGMCacheL (499899, 0.000000, 500000),8,53.2129,57372640,11281106335,BinarySearch
RESULT: PGMCacheL (0, 0.000000, 0),      32,     0.03, 157.76,       163.80,      0.66,       0.43,          0.07,      53.00,        0.00,      51.55,             0.01,       16.22,              0.01,       0.00,             0.00, 500000, 1.04, 1.00, 2.98 
RESULT: PGMCacheL (499899, 0.000000, 500000),32,51.8198,13610460,10176232899,BinarySearch
RESULT: PGMCacheL (0, 0.000000, 0),      64,     0.03, 160.25,       163.04,      0.64,       0.43,          0.07,      51.18,        0.00,      52.51,             0.01,       16.22,              0.01,       0.00,             0.00, 500000, 1.02, 1.00, 3.13 
RESULT: PGMCacheL (499899, 0.000000, 500000),64,50.0267,6735660,9947967539,BinarySearch
RESULT: PGMCacheL (0, 0.000000, 0),     256,     0.03, 160.06,       164.45,      0.64,       0.43,          0.07,      52.66,        0.00,      52.06,             0.01,       16.22,              0.01,       0.00,             0.00, 500000, 1.03, 1.00, 3.04 
RESULT: PGMCacheL (499899, 0.000000, 500000),256,51.4709,1681040,9426489780,BinarySearch
RESULT: PGMCacheL (0, 0.000000, 0),    1024,     0.03, 170.98,       174.99,      0.64,       0.42,          0.07,      55.97,        0.00,      48.86,             0.01,       16.22,              0.01,       0.00,             0.00, 500000, 1.02, 1.00, 3.06 
RESULT: PGMCacheL (499899, 0.000000, 500000),1024,54.2163,432800,9186653633,BinarySearch
RESULT: PGMCacheL (0, 0.000000, 0),    2048,     0.03, 158.59,       164.66,      0.66,       0.43,          0.07,      52.96,        0.00,      51.31,             0.01,       16.22,              0.01,       0.00,             0.00, 500000, 1.04, 1.00, 2.99 
RESULT: PGMCacheL (499899, 0.000000, 500000),2048,51.7424,220660,9112418505,BinarySearch
RESULT: PGMCacheL (0, 0.000000, 0),    4096,     0.03, 160.66,       163.83,      0.65,       0.43,          0.07,      51.39,        0.00,      52.49,             0.01,       16.22,              0.01,       0.00,             0.00, 500000, 1.02, 1.00, 3.13 
RESULT: PGMCacheL (499899, 0.000000, 500000),4096,50.2306,113860,9085991898,BinarySearch
RESULT: PGMCacheL (0, 0.000000, 0),    8192,     0.03, 156.93,       162.89,      0.66,       0.43,          0.07,      52.71,        0.00,      52.00,             0.01,       16.22,              0.01,       0.00,             0.00, 500000, 1.04, 1.00, 2.98 
RESULT: PGMCacheL (499899, 0.000000, 500000),8192,51.5543,59080,9022209910,BinarySearch
RESULT: PGMCacheR (0, 0.000000, 0),      16,     0.03, 166.03,       170.18,      0.64,       0.42,          0.07,      53.69,        0.00,      50.81,             0.01,       16.22,              0.01,       0.00,             0.00, 500000, 1.03, 1.00, 3.09 
RESULT: PGMCacheR (499899, 0.000000, 500000),16,52.3071,27793380,10799971241,BinarySearch
RESULT: PGMCacheR (0, 0.000000, 0),       4,     0.03, 166.35,       172.22,      0.65,       0.42,          0.07,      52.99,        0.00,      51.56,             0.01,       16.22,              0.01,       0.00,             0.00, 500000, 1.04, 1.00, 3.14 
RESULT: PGMCacheR (499899, 0.000000, 500000),4,51.7995,118835000,12270931957,BinarySearch
RESULT: PGMCacheR (0, 0.000000, 0),       8,     0.03, 162.54,       163.63,      0.64,       0.43,          0.07,      51.82,        0.00,      52.28,             0.01,       16.22,              0.01,       0.00,             0.00, 500000, 1.01, 1.00, 3.14 
RESULT: PGMCacheR (499899, 0.000000, 500000),8,50.6343,57372640,11282314538,BinarySearch
RESULT: PGMCacheR (0, 0.000000, 0),      32,     0.03, 159.08,       163.93,      0.66,       0.42,          0.07,      52.89,        0.00,      51.47,             0.01,       16.21,              0.01,       0.00,             0.00, 500000, 1.03, 1.00, 3.01 
RESULT: PGMCacheR (499899, 0.000000, 500000),32,51.718,13610460,10176490194,BinarySearch
RESULT: PGMCacheR (0, 0.000000, 0),      64,     0.03, 161.84,       164.06,      0.64,       0.43,          0.07,      50.72,        0.00,      52.65,             0.01,       16.22,              0.01,       0.00,             0.00, 500000, 1.01, 1.00, 3.19 
RESULT: PGMCacheR (499899, 0.000000, 500000),64,49.5688,6735660,9948269748,BinarySearch
RESULT: PGMCacheR (0, 0.000000, 0),     256,     0.03, 158.56,       161.55,      0.64,       0.43,          0.07,      50.55,        0.00,      52.94,             0.01,       16.22,              0.01,       0.00,             0.00, 500000, 1.02, 1.00, 3.14 
RESULT: PGMCacheR (499899, 0.000000, 500000),256,49.3949,1681040,9428205961,BinarySearch
RESULT: PGMCacheR (0, 0.000000, 0),    1024,     0.03, 158.58,       162.97,      0.64,       0.43,          0.07,      51.78,        0.00,      52.40,             0.01,       16.22,              0.01,       0.00,             0.00, 500000, 1.03, 1.00, 3.06 
RESULT: PGMCacheR (499899, 0.000000, 500000),1024,50.5964,432800,9187705553,BinarySearch
RESULT: PGMCacheR (0, 0.000000, 0),    2048,     0.03, 158.91,       162.88,      0.64,       0.43,          0.07,      50.83,        0.00,      52.64,             0.01,       16.22,              0.01,       0.00,             0.00, 500000, 1.03, 1.00, 3.13 
RESULT: PGMCacheR (499899, 0.000000, 500000),2048,49.6403,220660,9112133825,BinarySearch
RESULT: PGMCacheR (0, 0.000000, 0),    4096,     0.03, 157.41,       163.27,      0.66,       0.42,          0.07,      53.60,        0.00,      51.50,             0.01,       16.22,              0.01,       0.00,             0.00, 500000, 1.04, 1.00, 2.94 
RESULT: PGMCacheR (499899, 0.000000, 500000),4096,52.4147,113860,9087301824,BinarySearch
RESULT: PGMCacheR (0, 0.000000, 0),    8192,     0.03, 160.52,       163.73,      0.65,       0.43,          0.07,      51.27,        0.00,      52.44,             0.01,       16.22,              0.01,       0.00,             0.00, 500000, 1.02, 1.00, 3.13 
RESULT: PGMCacheR (499899, 0.000000, 500000),8192,50.0829,59080,9021679815,BinarySearch
