Repeating lookup code 1 time(s).
Using 1 thread(s).
read 200000000 values from ./data/osm_cellids_200M_uint64 in 769 ms (260.078 M values/s)
data is unique
read 1000 values from ./data/osm_cellids_200M_uint64_equality_lookups_zipf_1K_3 in 11 ms (0.0909091 M values/s)
index, variant, time sec,  cycles, instructions, L1-misses, LLC-misses, branch-misses, task-clock, page-faults, DTLB-loads, DTLB-load-misses, DTLB-stores, DTLB-store-misses, ITLB_loads, ITLB_load-misses, scale,  IPC, CPUs,  GHz 
RESULT:   PGM,      16,     0.00, 2108.28,       493.81,    146.96,     146.31,          3.66,     907.38,        0.01,     131.54,             1.09,      616.28,              2.68,       -nan,             -nan,  1000, 0.23, 1.12, 2.32 
RESULT: PGM,16,315.349,27793380,10764575746,BinarySearch
RESULT:   PGM,       4,     0.00, 1920.53,       374.73,    145.01,     145.00,          2.38,     832.47,        0.00,     102.61,             0.70,      600.72,              2.63,       -nan,             -nan,  1000, 0.20, 1.14, 2.31 
RESULT: PGM,4,241.116,118835000,12224930169,BinarySearch
RESULT:   PGM,       8,     0.00, 1941.39,       388.93,    144.89,     144.89,          2.63,     839.74,        0.00,     104.69,             0.70,      601.51,              2.63,       -nan,             -nan,  1000, 0.20, 1.13, 2.31 
RESULT: PGM,8,246.345,57372640,11254105117,BinarySearch
RESULT:   PGM,      32,     0.00, 1877.23,       376.44,    144.75,     144.60,          2.50,     814.41,        0.00,      98.39,             0.67,      600.44,              2.63,       -nan,             -nan,  1000, 0.20, 1.14, 2.31 
RESULT: PGM,32,223.353,13610460,10172129294,BinarySearch
RESULT:   PGM,      64,     0.00, 1913.76,       388.17,    144.78,     144.78,          2.50,     829.83,        0.00,      99.60,             0.67,      600.66,              2.63,       -nan,             -nan,  1000, 0.20, 1.14, 2.31 
RESULT: PGM,64,229.101,6735660,9877152714,BinarySearch
RESULT:   PGM,     256,     0.00, 1900.22,       411.03,    144.81,     144.57,          2.51,     824.20,        0.00,     101.69,             0.68,      600.72,              2.63,       -nan,             -nan,  1000, 0.22, 1.14, 2.31 
RESULT: PGM,256,228.524,1681040,9399389221,BinarySearch
RESULT:   PGM,    1024,     0.00, 1914.39,       431.38,    144.82,     144.68,          2.46,     829.74,        0.00,     103.42,             0.68,      600.53,              2.73,       -nan,             -nan,  1000, 0.23, 1.14, 2.31 
RESULT: PGM,1024,232.679,432800,9145133714,BinarySearch
RESULT:   PGM,    2048,     0.00, 1869.06,       416.50,    144.81,     144.66,          2.46,     812.09,        0.00,      98.43,             0.68,      600.50,              2.63,       -nan,             -nan,  1000, 0.22, 1.14, 2.30 
RESULT: PGM,2048,219.303,220660,9075502210,BinarySearch
RESULT:   PGM,    4096,     0.00, 1829.85,       417.24,    144.86,     144.76,          2.49,     796.69,        0.00,      95.60,             0.69,      599.62,              2.62,       -nan,             -nan,  1000, 0.23, 1.14, 2.30 
RESULT: PGM,4096,215.581,113860,9030954672,BinarySearch
RESULT:   PGM,    8192,     0.00, 1868.79,       438.61,    144.85,     144.79,          2.48,     811.86,        0.00,     100.43,             0.70,      600.43,              2.64,       -nan,             -nan,  1000, 0.23, 1.14, 2.30 
RESULT: PGM,8192,219.579,59080,8979185829,BinarySearch
RESULT: PGMCacheL (0, 0.000000, 0),      16,     0.00, 1955.08,       324.75,    145.21,     145.11,          2.65,     847.30,        0.00,      99.63,             0.80,      615.06,              2.67,       -nan,             -nan,  1000, 0.17, 1.13, 2.31 
RESULT: PGMCacheL (989, 0.000000, 1000),16,247.965,27793380,10784131195,BinarySearch
RESULT: PGMCacheL (0, 0.000000, 0),       4,     0.00, 1881.12,       297.20,    144.80,     144.75,          2.46,     816.80,        0.00,      91.33,             0.70,      611.01,              2.65,       -nan,             -nan,  1000, 0.16, 1.14, 2.30 
RESULT: PGMCacheL (989, 0.000000, 1000),4,226.172,118835000,12255317909,BinarySearch
RESULT: PGMCacheL (0, 0.000000, 0),       8,     0.00, 1888.37,       297.24,    144.83,     144.52,          2.49,     818.92,        0.00,      91.39,             0.68,      611.07,              2.65,       -nan,             -nan,  1000, 0.16, 1.14, 2.31 
RESULT: PGMCacheL (989, 0.000000, 1000),8,226.335,57372640,11271142621,BinarySearch
RESULT: PGMCacheL (0, 0.000000, 0),      32,     0.00, 1898.31,       298.49,    144.83,     144.88,          2.49,     824.44,        0.00,      91.52,             0.70,      611.16,              2.64,       -nan,             -nan,  1000, 0.16, 1.14, 2.30 
RESULT: PGMCacheL (989, 0.000000, 1000),32,229.339,13610460,10174579396,BinarySearch
RESULT: PGMCacheL (0, 0.000000, 0),      64,     0.00, 1941.79,       303.73,    144.96,     144.97,          2.62,     841.64,        0.00,      93.37,             0.72,      611.97,              2.66,       -nan,             -nan,  1000, 0.16, 1.14, 2.31 
RESULT: PGMCacheL (989, 0.000000, 1000),64,244.88,6735660,9943836993,BinarySearch
RESULT: PGMCacheL (0, 0.000000, 0),     256,     0.00, 1924.40,       303.71,    144.94,     145.04,          2.58,     835.10,        0.00,      93.33,             0.72,      611.94,              2.65,       -nan,             -nan,  1000, 0.16, 1.14, 2.30 
RESULT: PGMCacheL (989, 0.000000, 1000),256,237.889,1681040,9427654100,BinarySearch
RESULT: PGMCacheL (0, 0.000000, 0),    1024,     0.00, 1874.78,       297.71,    144.90,     144.59,          2.48,     813.71,        0.00,      91.39,             0.69,      611.05,              2.73,       -nan,             -nan,  1000, 0.16, 1.14, 2.30 
RESULT: PGMCacheL (989, 0.000000, 1000),1024,223.603,432800,9184651414,BinarySearch
RESULT: PGMCacheL (0, 0.000000, 0),    2048,     0.00, 1846.83,       296.26,    144.86,     144.83,          2.41,     802.78,        0.00,      91.05,             0.70,      610.81,              2.60,       -nan,             -nan,  1000, 0.16, 1.14, 2.30 
RESULT: PGMCacheL (989, 0.000000, 1000),2048,223.382,220660,9113791235,BinarySearch
RESULT: PGMCacheL (0, 0.000000, 0),    4096,     0.00, 1897.52,       297.51,    144.89,     144.87,          2.48,     822.39,        0.00,      91.27,             0.69,      610.94,              2.63,       -nan,             -nan,  1000, 0.16, 1.14, 2.31 
RESULT: PGMCacheL (989, 0.000000, 1000),4096,228.82,113860,9086447841,BinarySearch
RESULT: PGMCacheL (0, 0.000000, 0),    8192,     0.00, 2004.66,       296.79,    144.85,     144.80,          2.46,     802.40,        0.00,      91.12,             0.70,      610.84,              2.67,       -nan,             -nan,  1000, 0.15, 1.13, 2.50 
RESULT: PGMCacheL (989, 0.000000, 1000),8192,220.813,59080,9023899592,BinarySearch
RESULT: PGMCacheR (0, 0.000000, 0),      16,     0.00, 1920.07,       309.70,    145.07,     144.95,          2.62,     833.56,        0.00,      95.35,             0.75,      612.84,              2.63,       -nan,             -nan,  1000, 0.16, 1.14, 2.30 
RESULT: PGMCacheR (989, 0.000000, 1000),16,238.024,27793380,10783155852,BinarySearch
RESULT: PGMCacheR (0, 0.000000, 0),       4,     0.00, 1877.76,       298.41,    144.84,     144.59,          2.46,     815.01,        0.00,      91.53,             0.69,      611.11,              2.66,       -nan,             -nan,  1000, 0.16, 1.14, 2.30 
RESULT: PGMCacheR (989, 0.000000, 1000),4,222.392,118835000,12258888671,BinarySearch
RESULT: PGMCacheR (0, 0.000000, 0),       8,     0.00, 1909.15,       297.07,    144.81,     144.74,          2.48,     827.74,        0.00,      91.34,             0.68,      611.01,              2.65,       -nan,             -nan,  1000, 0.16, 1.14, 2.31 
RESULT: PGMCacheR (989, 0.000000, 1000),8,229.981,57372640,11276040206,BinarySearch
RESULT: PGMCacheR (0, 0.000000, 0),      32,     0.00, 1884.49,       296.97,    144.84,     144.79,          2.48,     818.80,        0.00,      91.28,             0.68,      610.95,              2.64,       -nan,             -nan,  1000, 0.16, 1.14, 2.30 
RESULT: PGMCacheR (989, 0.000000, 1000),32,225.561,13610460,10178029614,BinarySearch
RESULT: PGMCacheR (0, 0.000000, 0),      64,     0.00, 1918.97,       303.84,    144.99,     144.84,          2.60,     832.99,        0.00,      93.41,             0.72,      612.03,              2.65,       -nan,             -nan,  1000, 0.16, 1.14, 2.30 
RESULT: PGMCacheR (989, 0.000000, 1000),64,235.944,6735660,9941653925,BinarySearch
RESULT: PGMCacheR (0, 0.000000, 0),     256,     0.00, 1906.90,       303.71,    144.97,     144.71,          2.60,     827.10,        0.00,      93.34,             0.72,      611.96,              2.66,       -nan,             -nan,  1000, 0.16, 1.14, 2.31 
RESULT: PGMCacheR (989, 0.000000, 1000),256,233.128,1681040,9428181205,BinarySearch
RESULT: PGMCacheR (0, 0.000000, 0),    1024,     0.00, 1886.67,       297.71,    144.89,     144.85,          2.45,     818.59,        0.00,      91.40,             0.68,      611.06,              2.74,       -nan,             -nan,  1000, 0.16, 1.14, 2.30 
RESULT: PGMCacheR (989, 0.000000, 1000),1024,225.872,432800,9183573995,BinarySearch
RESULT: PGMCacheR (0, 0.000000, 0),    2048,     0.00, 1812.09,       297.08,    144.87,     144.74,          2.45,     821.58,        0.00,      91.24,             0.70,      610.95,              2.63,       -nan,             -nan,  1000, 0.16, 1.14, 2.21 
RESULT: PGMCacheR (989, 0.000000, 1000),2048,229.912,220660,9107400549,BinarySearch
RESULT: PGMCacheR (0, 0.000000, 0),    4096,     0.00, 1882.47,       297.51,    144.90,     144.72,          2.48,     816.31,        0.00,      91.27,             0.68,      610.95,              2.64,       -nan,             -nan,  1000, 0.16, 1.14, 2.31 
RESULT: PGMCacheR (989, 0.000000, 1000),4096,226.255,113860,9086750844,BinarySearch
RESULT: PGMCacheR (0, 0.000000, 0),    8192,     0.00, 1931.01,       299.07,    144.90,     144.77,          2.46,     804.58,        0.00,      91.53,             0.70,      611.16,              2.63,       -nan,             -nan,  1000, 0.15, 1.13, 2.40 
RESULT: PGMCacheR (989, 0.000000, 1000),8192,222.314,59080,9022131953,BinarySearch
