Repeating lookup code 1 time(s).
Using 1 thread(s).
read 200000000 values from ./data/osm_cellids_200M_uint64 in 785 ms (254.777 M values/s)
data is unique
read 500000 values from ./data/osm_cellids_200M_uint64_equality_lookups_zipf_500K_1 in 3 ms (166.667 M values/s)
index, variant, time sec, cycles, instructions, L1-misses, LLC-misses, branch-misses, task-clock, page-faults, DTLB-loads, DTLB-load-misses, DTLB-stores, DTLB-store-misses, ITLB_loads, ITLB_load-misses,  scale,  IPC, CPUs,  GHz 
RESULT:   PGM,      16,     0.05, 306.44,       291.21,      0.70,       0.37,          0.99,      95.24,        0.00,      70.59,             0.01,        6.38,              0.01,       0.00,             0.00, 500000, 0.95, 1.00, 3.22 
RESULT: PGM,16,94.0287,27793380,10734093031,BinarySearch
RESULT:   PGM,       4,     0.04, 275.41,       271.46,      0.68,       0.37,          0.60,      86.45,        0.00,      69.29,             0.01,        6.39,              0.01,       0.00,             0.00, 500000, 0.99, 1.00, 3.19 
RESULT: PGM,4,85.2728,118835000,12167482128,BinarySearch
RESULT:   PGM,       8,     0.05, 290.10,       281.28,      0.69,       0.37,          0.94,      92.55,        0.00,      69.90,             0.01,        6.36,              0.01,       0.02,             0.00, 500000, 0.97, 1.00, 3.13 
RESULT: PGM,8,91.3833,57372640,11266237367,BinarySearch
RESULT:   PGM,      32,     0.04, 268.75,       273.54,      0.72,       0.38,          1.03,      86.18,        0.00,      65.34,             0.01,        6.36,              0.01,       0.00,             0.00, 500000, 1.02, 1.00, 3.12 
RESULT: PGM,32,84.9991,13610460,10175900607,BinarySearch
RESULT:   PGM,      64,     0.04, 270.61,       284.52,      0.73,       0.38,          0.99,      83.81,        0.00,      66.49,             0.01,        6.37,              0.01,       0.00,             0.00, 500000, 1.05, 1.00, 3.23 
RESULT: PGM,64,82.6566,6735660,9881493713,BinarySearch
RESULT:   PGM,     256,     0.04, 273.08,       304.68,      0.74,       0.38,          1.07,      85.76,        0.00,      68.44,             0.01,        6.39,              0.01,       0.02,             0.00, 500000, 1.12, 1.00, 3.18 
RESULT: PGM,256,84.5688,1681040,9398422977,BinarySearch
RESULT:   PGM,    1024,     0.04, 278.07,       327.66,      0.77,       0.39,          0.99,      88.98,        0.00,      70.12,             0.01,        6.36,              0.01,       0.00,             0.00, 500000, 1.18, 1.00, 3.13 
RESULT: PGM,1024,87.8047,432800,9146278727,BinarySearch
RESULT:   PGM,    2048,     0.04, 244.44,       311.36,      0.78,       0.40,          0.98,      77.15,        0.00,      65.08,             0.01,        6.35,              0.01,       0.00,             0.00, 500000, 1.27, 1.00, 3.17 
RESULT: PGM,2048,75.9639,220660,9067748076,BinarySearch
RESULT:   PGM,    4096,     0.04, 239.33,       311.99,      0.84,       0.41,          0.99,      77.41,        0.00,      61.70,             0.01,        5.35,              0.01,       0.01,             0.00, 500000, 1.30, 1.00, 3.09 
RESULT: PGM,4096,76.2248,113860,9028877873,BinarySearch
RESULT:   PGM,    8192,     0.04, 249.73,       335.72,      0.91,       0.41,          1.00,      78.82,        0.00,      66.38,             0.01,        6.32,              0.01,       0.00,             0.00, 500000, 1.34, 1.00, 3.17 
RESULT: PGM,8192,77.6677,59080,8979447966,BinarySearch
RESULT: PGMCacheL (0, 0.000000, 0),      16,     0.05, 315.88,       223.17,      0.94,       0.37,          0.60,      98.14,        0.00,      65.99,             0.04,       17.89,              0.01,       0.00,             0.03, 500000, 0.71, 1.00, 3.22 
RESULT: PGMCacheL (483845, 0.000000, 500000),16,96.9699,27793380,10805276430,BinarySearch
RESULT: PGMCacheL (0, 0.000000, 0),       4,     0.05, 318.56,       222.62,      0.92,       0.37,          0.58,      95.26,        0.00,      65.96,             0.06,       17.91,              0.01,       0.00,             0.03, 500000, 0.70, 1.00, 3.34 
RESULT: PGMCacheL (483845, 0.000000, 500000),4,94.0657,118835000,12263106043,BinarySearch
RESULT: PGMCacheL (0, 0.000000, 0),       8,     0.05, 315.83,       222.82,      0.90,       0.36,          0.59,      99.91,        0.00,      66.28,             0.06,       17.94,              0.01,       0.00,             0.03, 500000, 0.71, 1.00, 3.16 
RESULT: PGMCacheL (483845, 0.000000, 500000),8,98.7689,57372640,11283508865,BinarySearch
RESULT: PGMCacheL (0, 0.000000, 0),      32,     0.05, 317.37,       223.38,      0.93,       0.37,          0.59,      96.28,        0.00,      65.65,             0.05,       17.86,              0.01,       0.00,             0.06, 500000, 0.70, 1.00, 3.30 
RESULT: PGMCacheL (483845, 0.000000, 500000),32,95.115,13610460,10172590551,BinarySearch
RESULT: PGMCacheL (0, 0.000000, 0),      64,     0.05, 315.29,       222.13,      0.98,       0.37,          0.58,     100.40,        0.00,      66.03,             0.05,       17.91,              0.01,       0.00,             0.03, 500000, 0.70, 1.00, 3.14 
RESULT: PGMCacheL (483845, 0.000000, 500000),64,99.2453,6735660,9951470867,BinarySearch
RESULT: PGMCacheL (0, 0.000000, 0),     256,     0.05, 315.26,       222.57,      0.98,       0.37,          0.61,      95.95,        0.00,      66.23,             0.07,       17.97,              0.01,       0.00,             0.03, 500000, 0.71, 1.00, 3.29 
RESULT: PGMCacheL (483845, 0.000000, 500000),256,94.7632,1681040,9433787500,BinarySearch
RESULT: PGMCacheL (0, 0.000000, 0),    1024,     0.05, 314.36,       224.17,      1.04,       0.38,          0.61,      98.59,        0.00,      66.21,             0.06,       17.92,              0.01,       0.00,             0.03, 500000, 0.71, 1.00, 3.19 
RESULT: PGMCacheL (483845, 0.000000, 500000),1024,97.4111,432800,9180751581,BinarySearch
RESULT: PGMCacheL (0, 0.000000, 0),    2048,     0.05, 319.31,       223.59,      1.05,       0.39,          0.67,      95.12,        0.00,      65.75,             0.06,       17.90,              0.01,       0.00,             0.09, 500000, 0.70, 1.00, 3.36 
RESULT: PGMCacheL (483845, 0.000000, 500000),2048,93.8804,220660,9107680879,BinarySearch
RESULT: PGMCacheL (0, 0.000000, 0),    4096,     0.05, 317.56,       224.03,      1.11,       0.40,          0.60,      98.73,        0.00,      65.85,             0.06,       17.88,              0.01,       0.00,             0.03, 500000, 0.71, 1.00, 3.22 
RESULT: PGMCacheL (483845, 0.000000, 500000),4096,97.5901,113860,9085426653,BinarySearch
RESULT: PGMCacheL (0, 0.000000, 0),    8192,     0.05, 326.41,       229.00,      1.16,       0.40,          0.61,      99.04,        0.00,      66.20,             0.07,       17.88,              0.01,       0.00,             0.03, 500000, 0.70, 1.00, 3.30 
RESULT: PGMCacheL (483845, 0.000000, 500000),8192,97.9231,59080,9021119338,BinarySearch
RESULT: PGMCacheR (0, 0.000000, 0),      16,     0.05, 321.64,       221.55,      0.90,       0.36,          0.57,     100.57,        0.00,      66.48,             0.04,       17.98,              0.01,       0.00,             0.03, 500000, 0.69, 1.00, 3.20 
RESULT: PGMCacheR (483845, 0.000000, 500000),16,99.386,27793380,10806722018,BinarySearch
RESULT: PGMCacheR (0, 0.000000, 0),       4,     0.05, 315.41,       222.65,      0.92,       0.36,          0.59,      98.11,        0.00,      65.95,             0.06,       17.90,              0.01,       0.00,             0.03, 500000, 0.71, 1.00, 3.21 
RESULT: PGMCacheR (483845, 0.000000, 500000),4,96.9422,118835000,12268160630,BinarySearch
RESULT: PGMCacheR (0, 0.000000, 0),       8,     0.05, 318.83,       222.94,      0.92,       0.36,          0.56,      99.17,        0.00,      66.05,             0.04,       17.88,              0.01,       0.00,             0.03, 500000, 0.70, 1.00, 3.22 
RESULT: PGMCacheR (483845, 0.000000, 500000),8,97.9888,57372640,11282879942,BinarySearch
RESULT: PGMCacheR (0, 0.000000, 0),      32,     0.05, 314.41,       221.60,      0.92,       0.37,          0.59,      95.68,        0.00,      66.12,             0.06,       17.98,              0.01,       0.00,             0.03, 500000, 0.70, 1.00, 3.29 
RESULT: PGMCacheR (483845, 0.000000, 500000),32,94.501,13610460,10176636099,BinarySearch
RESULT: PGMCacheR (0, 0.000000, 0),      64,     0.05, 314.85,       222.48,      0.97,       0.37,          0.59,      99.94,        0.00,      66.06,             0.06,       17.93,              0.01,       0.00,             0.03, 500000, 0.71, 1.00, 3.15 
RESULT: PGMCacheR (483845, 0.000000, 500000),64,98.8044,6735660,9948217652,BinarySearch
RESULT: PGMCacheR (0, 0.000000, 0),     256,     0.05, 314.79,       222.67,      1.00,       0.37,          0.60,      95.80,        0.00,      66.18,             0.06,       17.99,              0.01,       0.00,             0.03, 500000, 0.71, 1.00, 3.29 
RESULT: PGMCacheR (483845, 0.000000, 500000),256,94.6881,1681040,9435372131,BinarySearch
RESULT: PGMCacheR (0, 0.000000, 0),    1024,     0.05, 316.40,       224.30,      1.03,       0.38,          0.64,      98.31,        0.00,      65.89,             0.04,       17.87,              0.01,       0.00,             0.07, 500000, 0.71, 1.00, 3.22 
RESULT: PGMCacheR (483845, 0.000000, 500000),1024,97.1256,432800,9181543878,BinarySearch
RESULT: PGMCacheR (0, 0.000000, 0),    2048,     0.05, 314.85,       223.39,      1.05,       0.39,          0.61,      96.19,        0.00,      65.97,             0.06,       17.95,              0.01,       0.00,             0.03, 500000, 0.71, 1.00, 3.27 
RESULT: PGMCacheR (483845, 0.000000, 500000),2048,95.0065,220660,9107194219,BinarySearch
RESULT: PGMCacheR (0, 0.000000, 0),    4096,     0.05, 317.10,       223.14,      1.10,       0.39,          0.60,      96.43,        0.00,      66.20,             0.06,       17.97,              0.01,       0.00,             0.03, 500000, 0.70, 1.00, 3.29 
RESULT: PGMCacheR (483845, 0.000000, 500000),4096,95.2531,113860,9089211333,BinarySearch
RESULT: PGMCacheR (0, 0.000000, 0),    8192,     0.05, 314.10,       223.32,      1.14,       0.40,          0.60,      98.21,        0.00,      66.23,             0.06,       17.98,              0.01,       0.00,             0.03, 500000, 0.71, 1.00, 3.20 
RESULT: PGMCacheR (483845, 0.000000, 500000),8192,97.0307,59080,9027350027,BinarySearch
