Repeating lookup code 1 time(s).
Using 1 thread(s).
read 200000000 values from ./data/osm_cellids_200M_uint64 in 777 ms (257.4 M values/s)
data is unique
read 10000 values from ./data/osm_cellids_200M_uint64_equality_lookups_zipf_10K_3 in 0 ms (inf M values/s)
index, variant, time sec, cycles, instructions, L1-misses, LLC-misses, branch-misses, task-clock, page-faults, DTLB-loads, DTLB-load-misses, DTLB-stores, DTLB-store-misses, ITLB_loads, ITLB_load-misses, scale,  IPC, CPUs,  GHz 
RESULT:   PGM,      16,     0.00, 455.03,       304.08,     14.91,      14.67,          0.57,     188.66,        0.00,      77.30,             0.10,       65.86,              0.28,       -nan,             -nan, 10000, 0.67, 1.06, 2.41 
RESULT: PGM,16,127.353,27793380,10739983564,BinarySearch
RESULT:   PGM,       4,     0.00, 412.33,       275.79,     14.74,      14.54,          0.29,     171.59,        0.00,      73.37,             0.07,       64.62,              0.27,       -nan,             -nan, 10000, 0.67, 1.06, 2.40 
RESULT: PGM,4,111.752,118835000,12167407876,BinarySearch
RESULT:   PGM,       8,     0.00, 416.44,       285.89,     14.72,      14.48,          0.45,     173.02,        0.00,      74.18,             0.07,       64.55,              0.27,       -nan,             -nan, 10000, 0.69, 1.06, 2.41 
RESULT: PGM,8,114.777,57372640,11258380409,BinarySearch
RESULT:   PGM,      32,     0.00, 398.52,       280.42,     14.71,      14.50,          0.45,     165.93,        0.00,      70.06,             0.07,       64.57,              0.27,       -nan,             -nan, 10000, 0.70, 1.06, 2.40 
RESULT: PGM,32,106.566,13610460,10177875824,BinarySearch
RESULT:   PGM,      64,     0.00, 394.12,       291.39,     14.71,      14.50,          0.45,     171.02,        0.00,      71.05,             0.07,       64.57,              0.26,       -nan,             -nan, 10000, 0.74, 1.06, 2.30 
RESULT: PGM,64,111.675,6735660,9878191492,BinarySearch
RESULT:   PGM,     256,     0.00, 402.27,       313.08,     14.71,      14.49,          0.52,     161.12,        0.00,      73.02,             0.07,       64.56,              0.27,       -nan,             -nan, 10000, 0.78, 1.06, 2.50 
RESULT: PGM,256,104.391,1681040,9395764680,BinarySearch
RESULT:   PGM,    1024,     0.00, 406.82,       335.11,     14.72,      14.50,          0.44,     169.45,        0.00,      75.03,             0.07,       64.57,              0.26,       -nan,             -nan, 10000, 0.82, 1.06, 2.40 
RESULT: PGM,1024,109.677,432800,9164820224,BinarySearch
RESULT:   PGM,    2048,     0.00, 380.54,       320.29,     14.73,      14.50,          0.46,     152.77,        0.00,      70.05,             0.07,       64.59,              0.26,       -nan,             -nan, 10000, 0.84, 1.07, 2.49 
RESULT: PGM,2048,93.8484,220660,9069337706,BinarySearch
RESULT:   PGM,    4096,     0.00, 374.35,       320.10,     14.73,      14.52,          0.45,     150.28,        0.00,      67.03,             0.07,       63.58,              0.27,       -nan,             -nan, 10000, 0.86, 1.07, 2.49 
RESULT: PGM,4096,92.1672,113860,9029094795,BinarySearch
RESULT:   PGM,    8192,     0.00, 373.91,       342.17,     14.74,      14.51,          0.45,     156.12,        0.00,      72.04,             0.07,       64.57,              0.27,       -nan,             -nan, 10000, 0.92, 1.07, 2.40 
RESULT: PGM,8192,98.3422,59080,8985493401,BinarySearch
RESULT: PGMCacheL (0, 0.000000, 0),      16,     0.00, 349.60,       186.01,     14.80,      14.55,          0.36,     146.33,        0.00,      59.90,             0.09,       75.15,              0.28,       -nan,             -nan, 10000, 0.53, 1.07, 2.39 
RESULT: PGMCacheL (9969, 0.000000, 10000),16,87.1446,27793380,10806380471,BinarySearch
RESULT: PGMCacheL (0, 0.000000, 0),       4,     0.00, 351.00,       183.92,     14.75,      14.53,          0.35,     146.89,        0.00,      59.35,             0.08,       74.82,              0.27,       -nan,             -nan, 10000, 0.52, 1.07, 2.39 
RESULT: PGMCacheL (9969, 0.000000, 10000),4,87.1269,118835000,12268824134,BinarySearch
RESULT: PGMCacheL (0, 0.000000, 0),       8,     0.00, 349.03,       183.11,     14.73,      14.51,          0.33,     146.23,        0.00,      59.11,             0.08,       74.69,              0.27,       -nan,             -nan, 10000, 0.52, 1.07, 2.39 
RESULT: PGMCacheL (9969, 0.000000, 10000),8,86.8123,57372640,11283570175,BinarySearch
RESULT: PGMCacheL (0, 0.000000, 0),      32,     0.00, 341.79,       183.19,     14.74,      14.49,          0.34,     143.12,        0.00,      59.11,             0.08,       74.70,              0.27,       -nan,             -nan, 10000, 0.54, 1.07, 2.39 
RESULT: PGMCacheL (9969, 0.000000, 10000),32,84.1845,13610460,10182508949,BinarySearch
RESULT: PGMCacheL (0, 0.000000, 0),      64,     0.00, 341.09,       183.13,     14.73,      14.48,          0.33,     142.90,        0.00,      59.09,             0.08,       74.68,              0.26,       -nan,             -nan, 10000, 0.54, 1.07, 2.39 
RESULT: PGMCacheL (9969, 0.000000, 10000),64,85.4923,6735660,9951695315,BinarySearch
RESULT: PGMCacheL (0, 0.000000, 0),     256,     0.00, 355.92,       184.05,     14.76,      14.52,          0.35,     143.17,        0.00,      59.34,             0.08,       74.82,              0.27,       -nan,             -nan, 10000, 0.52, 1.07, 2.49 
RESULT: PGMCacheL (9969, 0.000000, 10000),256,84.8564,1681040,9432510929,BinarySearch
RESULT: PGMCacheL (0, 0.000000, 0),    1024,     0.00, 344.44,       183.26,     14.74,      14.52,          0.33,     144.29,        0.00,      59.11,             0.08,       74.70,              0.26,       -nan,             -nan, 10000, 0.53, 1.07, 2.39 
RESULT: PGMCacheL (9969, 0.000000, 10000),1024,84.5372,432800,9184539483,BinarySearch
RESULT: PGMCacheL (0, 0.000000, 0),    2048,     0.00, 349.62,       183.20,     14.74,      14.51,          0.33,     146.41,        0.00,      59.10,             0.08,       74.70,              0.27,       -nan,             -nan, 10000, 0.52, 1.07, 2.39 
RESULT: PGMCacheL (9969, 0.000000, 10000),2048,86.5733,220660,9104700267,BinarySearch
RESULT: PGMCacheL (0, 0.000000, 0),    4096,     0.00, 339.32,       184.53,     14.76,      14.47,          0.34,     124.48,        0.00,      59.39,             0.08,       74.89,              0.26,       -nan,             -nan, 10000, 0.54, 1.07, 2.73 
RESULT: PGMCacheL (9969, 0.000000, 10000),4096,73.4887,113860,9083776898,BinarySearch
RESULT: PGMCacheL (0, 0.000000, 0),    8192,     0.00, 353.14,       183.86,     14.79,      14.55,          0.35,     147.68,        0.00,      59.26,             0.08,       74.83,              0.27,       -nan,             -nan, 10000, 0.52, 1.07, 2.39 
RESULT: PGMCacheL (9969, 0.000000, 10000),8192,88.2601,59080,9018344431,BinarySearch
RESULT: PGMCacheR (0, 0.000000, 0),      16,     0.00, 347.68,       184.98,     14.76,      14.52,          0.36,     145.60,        0.00,      59.58,             0.09,       74.97,              0.28,       -nan,             -nan, 10000, 0.53, 1.07, 2.39 
RESULT: PGMCacheR (9969, 0.000000, 10000),16,85.7715,27793380,10805636950,BinarySearch
RESULT: PGMCacheR (0, 0.000000, 0),       4,     0.00, 342.28,       183.16,     14.74,      14.48,          0.33,     143.29,        0.00,      59.13,             0.08,       74.71,              0.27,       -nan,             -nan, 10000, 0.54, 1.07, 2.39 
RESULT: PGMCacheR (9969, 0.000000, 10000),4,83.9622,118835000,12268346288,BinarySearch
RESULT: PGMCacheR (0, 0.000000, 0),       8,     0.00, 347.69,       183.18,     14.74,      14.50,          0.34,     145.66,        0.00,      59.13,             0.08,       74.71,              0.27,       -nan,             -nan, 10000, 0.53, 1.07, 2.39 
RESULT: PGMCacheR (9969, 0.000000, 10000),8,85.9548,57372640,11285546066,BinarySearch
RESULT: PGMCacheR (0, 0.000000, 0),      32,     0.00, 343.62,       183.23,     14.74,      14.50,          0.33,     143.90,        0.00,      59.12,             0.08,       74.71,              0.27,       -nan,             -nan, 10000, 0.53, 1.07, 2.39 
RESULT: PGMCacheR (9969, 0.000000, 10000),32,85.007,13610460,10172217943,BinarySearch
RESULT: PGMCacheR (0, 0.000000, 0),      64,     0.00, 343.38,       183.81,     14.75,      14.53,          0.34,     143.93,        0.00,      59.31,             0.08,       74.80,              0.26,       -nan,             -nan, 10000, 0.54, 1.07, 2.39 
RESULT: PGMCacheR (9969, 0.000000, 10000),64,86.068,6735660,9958064640,BinarySearch
RESULT: PGMCacheR (0, 0.000000, 0),     256,     0.00, 341.38,       183.87,     14.75,      14.53,          0.35,     143.04,        0.00,      59.31,             0.08,       74.79,              0.27,       -nan,             -nan, 10000, 0.54, 1.07, 2.39 
RESULT: PGMCacheR (9969, 0.000000, 10000),256,85.3174,1681040,9431648712,BinarySearch
RESULT: PGMCacheR (0, 0.000000, 0),    1024,     0.00, 343.65,       183.22,     14.74,      14.51,          0.33,     144.04,        0.00,      59.11,             0.08,       74.69,              0.26,       -nan,             -nan, 10000, 0.53, 1.07, 2.39 
RESULT: PGMCacheR (9969, 0.000000, 10000),1024,84.5584,432800,9184928928,BinarySearch
RESULT: PGMCacheR (0, 0.000000, 0),    2048,     0.00, 343.10,       183.23,     14.74,      14.51,          0.33,     143.80,        0.00,      59.10,             0.08,       74.69,              0.27,       -nan,             -nan, 10000, 0.53, 1.08, 2.39 
RESULT: PGMCacheR (9969, 0.000000, 10000),2048,84.0165,220660,9107324593,BinarySearch
RESULT: PGMCacheR (0, 0.000000, 0),    4096,     0.00, 340.95,       183.23,     14.75,      14.46,          0.33,     148.85,        0.00,      59.10,             0.08,       74.69,              0.26,       -nan,             -nan, 10000, 0.54, 1.08, 2.29 
RESULT: PGMCacheR (9969, 0.000000, 10000),4096,88.0937,113860,9081704040,BinarySearch
RESULT: PGMCacheR (0, 0.000000, 0),    8192,     0.00, 352.76,       183.29,     14.75,      14.51,          0.34,     136.81,        0.00,      59.11,             0.08,       74.70,              0.27,       -nan,             -nan, 10000, 0.52, 1.07, 2.58 
RESULT: PGMCacheR (9969, 0.000000, 10000),8192,78.7324,59080,9018779236,BinarySearch
