Repeating lookup code 1 time(s).
Using 1 thread(s).
read 200000000 values from ./data/osm_cellids_200M_uint64 in 779 ms (256.739 M values/s)
data is unique
read 500000 values from ./data/osm_cellids_200M_uint64_equality_lookups_zipf_500K_2 in 3 ms (166.667 M values/s)
index, variant, time sec, cycles, instructions, L1-misses, LLC-misses, branch-misses, task-clock, page-faults, DTLB-loads, DTLB-load-misses, DTLB-stores, DTLB-store-misses, ITLB_loads, ITLB_load-misses,  scale,  IPC, CPUs,  GHz 
RESULT:   PGM,      16,     0.05, 292.51,       289.31,      0.64,       0.37,          0.63,      93.28,        0.00,      70.54,             0.01,        6.39,              0.01,       0.00,             0.00, 500000, 0.99, 1.00, 3.14 
RESULT: PGM,16,92.0596,27793380,10733224978,BinarySearch
RESULT:   PGM,       4,     0.04, 266.08,       270.24,      0.64,       0.37,          0.30,      85.38,        0.00,      68.56,             0.01,        6.36,              0.01,       0.00,             0.00, 500000, 1.02, 1.00, 3.12 
RESULT: PGM,4,84.1937,118835000,12169507867,BinarySearch
RESULT:   PGM,       8,     0.04, 284.93,       281.11,      0.63,       0.37,          0.61,      85.38,        0.00,      69.39,             0.01,        6.36,              0.01,       0.01,             0.00, 500000, 0.99, 1.00, 3.34 
RESULT: PGM,8,84.2044,57372640,11262091640,BinarySearch
RESULT:   PGM,      32,     0.04, 258.56,       273.24,      0.65,       0.37,          0.64,      82.80,        0.00,      65.20,             0.01,        6.37,              0.01,       0.01,             0.00, 500000, 1.06, 1.00, 3.12 
RESULT: PGM,32,81.6283,13610460,10182600635,BinarySearch
RESULT:   PGM,      64,     0.04, 259.95,       284.13,      0.65,       0.37,          0.63,      83.56,        0.00,      66.10,             0.01,        6.36,              0.01,       0.00,             0.00, 500000, 1.09, 1.00, 3.11 
RESULT: PGM,64,82.4044,6735660,9879441079,BinarySearch
RESULT:   PGM,     256,     0.04, 262.68,       304.60,      0.64,       0.37,          0.70,      82.64,        0.00,      68.30,             0.01,        6.39,              0.01,       0.03,             0.00, 500000, 1.16, 1.00, 3.18 
RESULT: PGM,256,81.4597,1681040,9392455856,BinarySearch
RESULT:   PGM,    1024,     0.04, 267.09,       327.67,      0.65,       0.37,          0.61,      85.68,        0.00,      69.97,             0.01,        6.36,              0.01,       0.00,             0.00, 500000, 1.23, 1.00, 3.12 
RESULT: PGM,1024,84.4999,432800,9149255902,BinarySearch
RESULT:   PGM,    2048,     0.04, 234.13,       311.36,      0.65,       0.38,          0.61,      74.07,        0.00,      64.95,             0.01,        6.32,              0.01,       0.00,             0.00, 500000, 1.33, 1.00, 3.16 
RESULT: PGM,2048,72.8885,220660,9067268976,BinarySearch
RESULT:   PGM,    4096,     0.04, 227.30,       311.16,      0.67,       0.39,          0.62,      72.04,        0.00,      61.90,             0.01,        5.31,              0.01,       0.00,             0.00, 500000, 1.37, 1.00, 3.16 
RESULT: PGM,4096,70.8603,113860,9028490731,BinarySearch
RESULT:   PGM,    8192,     0.04, 239.85,       334.67,      0.70,       0.38,          0.63,      73.16,        0.00,      66.55,             0.01,        6.28,              0.01,       0.01,             0.00, 500000, 1.40, 1.00, 3.28 
RESULT: PGM,8192,72.0105,59080,9051571017,BinarySearch
RESULT: PGMCacheL (0, 0.000000, 0),      16,     0.03, 166.12,       164.56,      0.74,       0.43,          0.17,      51.76,        0.00,      52.68,             0.01,       16.33,              0.01,       0.00,             0.00, 500000, 0.99, 1.00, 3.21 
RESULT: PGMCacheL (499047, 0.000000, 500000),16,50.5787,27793380,10808452214,BinarySearch
RESULT: PGMCacheL (0, 0.000000, 0),       4,     0.03, 163.20,       163.63,      0.74,       0.43,          0.17,      52.05,        0.00,      52.74,             0.01,       16.34,              0.01,       0.00,             0.00, 500000, 1.00, 1.00, 3.14 
RESULT: PGMCacheL (499047, 0.000000, 500000),4,50.8753,118835000,12290062316,BinarySearch
RESULT: PGMCacheL (0, 0.000000, 0),       8,     0.03, 167.20,       163.78,      0.73,       0.42,          0.17,      53.11,        0.00,      52.43,             0.01,       16.32,              0.01,       0.00,             0.00, 500000, 0.98, 1.00, 3.15 
RESULT: PGMCacheL (499047, 0.000000, 500000),8,51.9254,57372640,11295082645,BinarySearch
RESULT: PGMCacheL (0, 0.000000, 0),      32,     0.03, 159.90,       162.22,      0.76,       0.42,          0.17,      53.58,        0.00,      52.21,             0.01,       16.34,              0.01,       0.00,             0.00, 500000, 1.01, 1.00, 2.98 
RESULT: PGMCacheL (499047, 0.000000, 500000),32,52.4036,13610460,10173431771,BinarySearch
RESULT: PGMCacheL (0, 0.000000, 0),      64,     0.03, 158.71,       161.68,      0.76,       0.42,          0.17,      53.96,        0.00,      52.30,             0.01,       16.33,              0.01,       0.00,             0.00, 500000, 1.02, 1.00, 2.94 
RESULT: PGMCacheL (499047, 0.000000, 500000),64,52.801,6735660,9945056747,BinarySearch
RESULT: PGMCacheL (0, 0.000000, 0),     256,     0.03, 161.88,       161.88,      0.75,       0.43,          0.18,      52.73,        0.00,      52.81,             0.01,       16.34,              0.01,       0.00,             0.00, 500000, 1.00, 1.00, 3.07 
RESULT: PGMCacheL (499047, 0.000000, 500000),256,51.5518,1681040,9441960380,BinarySearch
RESULT: PGMCacheL (0, 0.000000, 0),    1024,     0.03, 160.94,       161.55,      0.75,       0.43,          0.18,      51.48,        0.00,      52.92,             0.01,       16.32,              0.01,       0.00,             0.00, 500000, 1.00, 1.00, 3.13 
RESULT: PGMCacheL (499047, 0.000000, 500000),1024,50.3146,432800,9187933184,BinarySearch
RESULT: PGMCacheL (0, 0.000000, 0),    2048,     0.03, 161.11,       161.63,      0.76,       0.44,          0.18,      51.33,        0.00,      52.95,             0.01,       16.34,              0.01,       0.00,             0.00, 500000, 1.00, 1.00, 3.14 
RESULT: PGMCacheL (499047, 0.000000, 500000),2048,50.1881,220660,9105760154,BinarySearch
RESULT: PGMCacheL (0, 0.000000, 0),    4096,     0.03, 159.33,       161.33,      0.76,       0.43,          0.18,      52.24,        0.00,      53.04,             0.01,       16.33,              0.01,       0.00,             0.00, 500000, 1.01, 1.00, 3.05 
RESULT: PGMCacheL (499047, 0.000000, 500000),4096,51.0841,113860,9091166158,BinarySearch
RESULT: PGMCacheL (0, 0.000000, 0),    8192,     0.03, 165.66,       164.96,      0.76,       0.43,          0.18,      53.88,        0.00,      52.46,             0.01,       16.34,              0.01,       0.00,             0.00, 500000, 1.00, 1.00, 3.07 
RESULT: PGMCacheL (499047, 0.000000, 500000),8192,52.697,59080,9029617217,BinarySearch
RESULT: PGMCacheR (0, 0.000000, 0),      16,     0.03, 159.63,       162.31,      0.76,       0.43,          0.17,      53.51,        0.00,      52.23,             0.01,       16.33,              0.01,       0.00,             0.00, 500000, 1.02, 1.00, 2.98 
RESULT: PGMCacheR (499047, 0.000000, 500000),16,52.3212,27793380,10802395925,BinarySearch
RESULT: PGMCacheR (0, 0.000000, 0),       4,     0.03, 159.73,       162.30,      0.76,       0.42,          0.17,      53.53,        0.00,      52.24,             0.01,       16.34,              0.01,       0.00,             0.00, 500000, 1.02, 1.00, 2.98 
RESULT: PGMCacheR (499047, 0.000000, 500000),4,52.3568,118835000,12270362188,BinarySearch
RESULT: PGMCacheR (0, 0.000000, 0),       8,     0.03, 161.86,       162.28,      0.75,       0.42,          0.17,      54.12,        0.00,      52.09,             0.01,       16.33,              0.01,       0.00,             0.00, 500000, 1.00, 1.00, 2.99 
RESULT: PGMCacheR (499047, 0.000000, 500000),8,52.9353,57372640,11279866130,BinarySearch
RESULT: PGMCacheR (0, 0.000000, 0),      32,     0.03, 158.41,       162.21,      0.76,       0.43,          0.18,      53.51,        0.00,      52.49,             0.01,       16.34,              0.01,       0.00,             0.00, 500000, 1.02, 1.00, 2.96 
RESULT: PGMCacheR (499047, 0.000000, 500000),32,52.3461,13610460,10191558538,BinarySearch
RESULT: PGMCacheR (0, 0.000000, 0),      64,     0.03, 159.14,       162.13,      0.77,       0.43,          0.17,      53.39,        0.00,      52.26,             0.01,       16.33,              0.01,       0.00,             0.00, 500000, 1.02, 1.00, 2.98 
RESULT: PGMCacheR (499047, 0.000000, 500000),64,52.2363,6735660,9947879648,BinarySearch
RESULT: PGMCacheR (0, 0.000000, 0),     256,     0.03, 161.54,       162.19,      0.76,       0.43,          0.18,      51.99,        0.00,      52.76,             0.01,       16.34,              0.01,       0.00,             0.00, 500000, 1.00, 1.00, 3.11 
RESULT: PGMCacheR (499047, 0.000000, 500000),256,50.8312,1681040,9432317021,BinarySearch
RESULT: PGMCacheR (0, 0.000000, 0),    1024,     0.03, 162.65,       162.19,      0.75,       0.44,          0.18,      50.84,        0.00,      52.93,             0.01,       16.32,              0.01,       0.00,             0.00, 500000, 1.00, 1.00, 3.20 
RESULT: PGMCacheR (499047, 0.000000, 500000),1024,49.6539,432800,9182867932,BinarySearch
RESULT: PGMCacheR (0, 0.000000, 0),    2048,     0.03, 158.57,       161.78,      0.78,       0.43,          0.18,      53.93,        0.00,      52.32,             0.01,       16.34,              0.01,       0.00,             0.00, 500000, 1.02, 1.00, 2.94 
RESULT: PGMCacheR (499047, 0.000000, 500000),2048,52.741,220660,9107271461,BinarySearch
RESULT: PGMCacheR (0, 0.000000, 0),    4096,     0.03, 154.50,       151.55,      0.76,       0.44,          0.18,      51.66,        0.00,      52.97,             0.01,       16.34,              0.01,       0.00,             0.00, 500000, 0.98, 1.00, 2.99 
RESULT: PGMCacheR (499047, 0.000000, 500000),4096,50.2656,113860,9081551230,BinarySearch
RESULT: PGMCacheR (0, 0.000000, 0),    8192,     0.02, 157.63,       164.06,      0.81,       0.45,          0.18,      48.65,        0.00,      53.49,             0.01,       16.34,              0.01,       0.00,             0.00, 500000, 1.04, 1.00, 3.24 
RESULT: PGMCacheR (499047, 0.000000, 500000),8192,47.5946,59080,9018492746,BinarySearch
