Repeating lookup code 1 time(s).
Using 1 thread(s).
read 200000000 values from ./data/osm_cellids_200M_uint64 in 770 ms (259.74 M values/s)
data is unique
read 1000 values from ./data/osm_cellids_200M_uint64_equality_lookups_zipf_1K_2 in 7 ms (0.142857 M values/s)
index, variant, time sec,  cycles, instructions, L1-misses, LLC-misses, branch-misses, task-clock, page-faults, DTLB-loads, DTLB-load-misses, DTLB-stores, DTLB-store-misses, ITLB_loads, ITLB_load-misses, scale,  IPC, CPUs,  GHz 
RESULT:   PGM,      16,     0.00, 2099.82,       465.83,    146.70,     146.31,          4.05,     904.42,        0.01,     123.41,             0.98,      612.68,              2.68,       -nan,             -nan,  1000, 0.22, 1.12, 2.32 
RESULT: PGM,16,311.849,27793380,10724054809,BinarySearch
RESULT:   PGM,       4,     0.00, 1932.97,       376.18,    145.03,     144.94,          2.69,     836.53,        0.00,     102.80,             0.71,      600.77,              2.62,       -nan,             -nan,  1000, 0.19, 1.13, 2.31 
RESULT: PGM,4,245.149,118835000,12173521597,BinarySearch
RESULT:   PGM,       8,     0.00, 1929.32,       382.62,    144.81,     144.69,          2.90,     836.13,        0.00,     102.64,             0.67,      600.52,              2.63,       -nan,             -nan,  1000, 0.20, 1.14, 2.31 
RESULT: PGM,8,243.463,57372640,11252517832,BinarySearch
RESULT:   PGM,      32,     0.00, 1896.30,       375.86,    144.86,     144.71,          2.96,     822.51,        0.00,      98.34,             0.67,      600.47,              2.61,       -nan,             -nan,  1000, 0.20, 1.14, 2.31 
RESULT: PGM,32,230.172,13610460,10161684094,BinarySearch
RESULT:   PGM,      64,     0.00, 1902.93,       386.93,    144.83,     144.69,          2.90,     826.01,        0.00,      99.36,             0.67,      600.51,              2.63,       -nan,             -nan,  1000, 0.20, 1.14, 2.30 
RESULT: PGM,64,230.968,6735660,9870450398,BinarySearch
RESULT:   PGM,     256,     0.00, 1912.09,       408.03,    144.85,     144.70,          2.93,     829.24,        0.00,     101.27,             0.67,      600.50,              2.64,       -nan,             -nan,  1000, 0.21, 1.14, 2.31 
RESULT: PGM,256,234.578,1681040,9399226800,BinarySearch
RESULT:   PGM,    1024,     0.00, 1908.52,       431.55,    144.87,     144.66,          2.89,     828.32,        0.00,     103.48,             0.67,      600.64,              2.70,       -nan,             -nan,  1000, 0.23, 1.14, 2.30 
RESULT: PGM,1024,238.209,432800,9142351973,BinarySearch
RESULT:   PGM,    2048,     0.00, 1855.26,       415.04,    144.89,     144.34,          2.90,     806.43,        0.00,      98.23,             0.68,      600.42,              2.62,       -nan,             -nan,  1000, 0.22, 1.14, 2.30 
RESULT: PGM,2048,217.411,220660,9065213319,BinarySearch
RESULT:   PGM,    4096,     0.00, 1830.20,       415.13,    144.94,     144.56,          2.90,     796.66,        0.00,      95.31,             0.69,      599.54,              2.61,       -nan,             -nan,  1000, 0.23, 1.14, 2.30 
RESULT: PGM,4096,217.979,113860,9024883984,BinarySearch
RESULT:   PGM,    8192,     0.00, 1871.61,       436.82,    144.96,     144.73,          2.87,     813.05,        0.00,     100.15,             0.70,      600.30,              2.64,       -nan,             -nan,  1000, 0.23, 1.14, 2.30 
RESULT: PGM,8192,222.896,59080,8978934076,BinarySearch
RESULT: PGMCacheL (0, 0.000000, 0),      16,     0.00, 1900.47,       318.29,    145.66,     145.23,          3.12,     822.83,        0.01,      98.51,             0.88,      617.69,              2.69,       -nan,             -nan,  1000, 0.17, 1.14, 2.31 
RESULT: PGMCacheL (963, 0.000000, 1000),16,229.83,27793380,10775646783,BinarySearch
RESULT: PGMCacheL (0, 0.000000, 0),       4,     0.00, 1882.41,       281.54,    145.01,     144.86,          2.85,     785.31,        0.00,      88.44,             0.75,      612.04,              2.66,       -nan,             -nan,  1000, 0.15, 1.14, 2.40 
RESULT: PGMCacheL (963, 0.000000, 1000),4,205.42,118835000,12253128585,BinarySearch
RESULT: PGMCacheL (0, 0.000000, 0),       8,     0.00, 1879.70,       288.20,    145.06,     145.05,          2.97,     816.59,        0.00,      90.51,             0.75,      613.02,              2.65,       -nan,             -nan,  1000, 0.15, 1.14, 2.30 
RESULT: PGMCacheL (963, 0.000000, 1000),8,220.964,57372640,11275516998,BinarySearch
RESULT: PGMCacheL (0, 0.000000, 0),      32,     0.00, 1845.59,       281.21,    144.95,     144.88,          2.84,     802.96,        0.00,      88.29,             0.73,      612.07,              2.65,       -nan,             -nan,  1000, 0.15, 1.14, 2.30 
RESULT: PGMCacheL (963, 0.000000, 1000),32,207.843,13610460,10170778013,BinarySearch
RESULT: PGMCacheL (0, 0.000000, 0),      64,     0.00, 1837.86,       283.30,    145.01,     144.88,          2.89,     799.60,        0.00,      88.65,             0.73,      612.41,              2.64,       -nan,             -nan,  1000, 0.15, 1.14, 2.30 
RESULT: PGMCacheL (963, 0.000000, 1000),64,207.979,6735660,9941801951,BinarySearch
RESULT: PGMCacheL (0, 0.000000, 0),     256,     0.00, 1873.44,       288.77,    145.10,     144.90,          2.94,     813.73,        0.00,      90.36,             0.75,      612.97,              2.66,       -nan,             -nan,  1000, 0.15, 1.14, 2.30 
RESULT: PGMCacheL (963, 0.000000, 1000),256,219.474,1681040,9432483077,BinarySearch
RESULT: PGMCacheL (0, 0.000000, 0),    1024,     0.00, 1846.16,       283.58,    145.00,     144.88,          2.83,     803.00,        0.00,      88.55,             0.73,      612.16,              2.73,       -nan,             -nan,  1000, 0.15, 1.14, 2.30 
RESULT: PGMCacheL (963, 0.000000, 1000),1024,208.891,432800,9179892280,BinarySearch
RESULT: PGMCacheL (0, 0.000000, 0),    2048,     0.00, 1835.82,       286.51,    145.34,     145.19,          2.98,     798.59,        0.00,      89.48,             0.78,      613.16,              2.66,       -nan,             -nan,  1000, 0.16, 1.14, 2.30 
RESULT: PGMCacheL (963, 0.000000, 1000),2048,222.165,220660,9100513408,BinarySearch
RESULT: PGMCacheL (0, 0.000000, 0),    4096,     0.00, 1904.96,       295.80,    145.20,     145.10,          3.02,     794.24,        0.00,      91.10,             0.76,      614.07,              2.65,       -nan,             -nan,  1000, 0.16, 1.14, 2.40 
RESULT: PGMCacheL (963, 0.000000, 1000),4096,213.604,113860,9079156250,BinarySearch
RESULT: PGMCacheL (0, 0.000000, 0),    8192,     0.00, 1843.63,       289.51,    145.11,     144.88,          2.88,     802.08,        0.00,      89.08,             0.73,      613.09,              2.62,       -nan,             -nan,  1000, 0.16, 1.14, 2.30 
RESULT: PGMCacheL (963, 0.000000, 1000),8192,212.134,59080,9013420037,BinarySearch
RESULT: PGMCacheR (0, 0.000000, 0),      16,     0.00, 1854.38,       306.83,    145.22,     145.08,          3.04,     840.33,        0.00,      95.17,             0.82,      615.84,              2.63,       -nan,             -nan,  1000, 0.17, 1.14, 2.21 
RESULT: PGMCacheR (963, 0.000000, 1000),16,230.776,27793380,10783162503,BinarySearch
RESULT: PGMCacheR (0, 0.000000, 0),       4,     0.00, 1895.49,       287.20,    144.93,     144.87,          2.81,     790.68,        0.00,      89.12,             0.74,      613.04,              2.66,       -nan,             -nan,  1000, 0.15, 1.14, 2.40 
RESULT: PGMCacheR (963, 0.000000, 1000),4,205.65,118835000,12250026200,BinarySearch
RESULT: PGMCacheR (0, 0.000000, 0),       8,     0.00, 1837.11,       289.29,    144.95,     144.53,          2.87,     798.12,        0.00,      89.48,             0.73,      613.38,              2.66,       -nan,             -nan,  1000, 0.16, 1.14, 2.30 
RESULT: PGMCacheR (963, 0.000000, 1000),8,206.316,57372640,11274297720,BinarySearch
RESULT: PGMCacheR (0, 0.000000, 0),      32,     0.00, 1806.99,       286.75,    144.97,     144.81,          2.89,     819.92,        0.00,      88.89,             0.73,      613.02,              2.65,       -nan,             -nan,  1000, 0.16, 1.15, 2.20 
RESULT: PGMCacheR (963, 0.000000, 1000),32,213.459,13610460,10167787054,BinarySearch
RESULT: PGMCacheR (0, 0.000000, 0),      64,     0.00, 1876.71,       294.58,    145.10,     145.08,          3.03,     813.87,        0.00,      91.16,             0.76,      614.12,              2.64,       -nan,             -nan,  1000, 0.16, 1.14, 2.31 
RESULT: PGMCacheR (963, 0.000000, 1000),64,220.009,6735660,9940503930,BinarySearch
RESULT: PGMCacheR (0, 0.000000, 0),     256,     0.00, 1867.53,       295.13,    145.09,     144.97,          2.99,     810.76,        0.00,      91.14,             0.75,      614.03,              2.65,       -nan,             -nan,  1000, 0.16, 1.14, 2.30 
RESULT: PGMCacheR (963, 0.000000, 1000),256,218.093,1681040,9431424999,BinarySearch
RESULT: PGMCacheR (0, 0.000000, 0),    1024,     0.00, 1844.63,       289.34,    144.99,     144.89,          2.85,     801.67,        0.00,      89.23,             0.74,      613.18,              2.73,       -nan,             -nan,  1000, 0.16, 1.14, 2.30 
RESULT: PGMCacheR (963, 0.000000, 1000),1024,208.06,432800,9185674604,BinarySearch
RESULT: PGMCacheR (0, 0.000000, 0),    2048,     0.00, 1800.60,       288.30,    145.01,     144.90,          2.81,     784.45,        0.00,      88.90,             0.74,      613.00,              2.60,       -nan,             -nan,  1000, 0.16, 1.15, 2.30 
RESULT: PGMCacheR (963, 0.000000, 1000),2048,207.279,220660,9100056487,BinarySearch
RESULT: PGMCacheR (0, 0.000000, 0),    4096,     0.00, 1870.52,       295.62,    145.17,     145.17,          2.99,     813.38,        0.00,      91.09,             0.78,      614.09,              2.63,       -nan,             -nan,  1000, 0.16, 1.14, 2.30 
RESULT: PGMCacheR (963, 0.000000, 1000),4096,217.856,113860,9084322319,BinarySearch
RESULT: PGMCacheR (0, 0.000000, 0),    8192,     0.00, 1865.58,       289.39,    145.05,     144.85,          2.87,     810.76,        0.00,      89.03,             0.74,      613.05,              2.63,       -nan,             -nan,  1000, 0.16, 1.14, 2.30 
RESULT: PGMCacheR (963, 0.000000, 1000),8192,217.182,59080,9020479816,BinarySearch
