Repeating lookup code 1 time(s).
Using 1 thread(s).
read 200000000 values from ./data/osm_cellids_200M_uint64 in 781 ms (256.082 M values/s)
data is unique
read 100000 values from ./data/osm_cellids_200M_uint64_equality_lookups_zipf_100K_3 in 0 ms (inf M values/s)
index, variant, time sec, cycles, instructions, L1-misses, LLC-misses, branch-misses, task-clock, page-faults, DTLB-loads, DTLB-load-misses, DTLB-stores, DTLB-store-misses, ITLB_loads, ITLB_load-misses,  scale,  IPC, CPUs,  GHz 
RESULT:   PGM,      16,     0.01, 281.96,       279.02,      1.73,       1.48,          0.27,     114.91,        0.00,      72.50,             0.02,       11.12,              0.03,       0.00,             -nan, 100000, 0.99, 1.01, 2.45 
RESULT: PGM,16,108.877,27793380,10748638657,BinarySearch
RESULT:   PGM,       4,     0.01, 251.82,       252.98,      1.71,       1.47,          0.09,     102.59,        0.00,      70.44,             0.01,       11.00,              0.03,       0.00,             -nan, 100000, 1.00, 1.01, 2.45 
RESULT: PGM,4,96.7179,118835000,12164632946,BinarySearch
RESULT:   PGM,       8,     0.01, 267.69,       269.37,      1.71,       1.46,          0.24,     100.86,        0.00,      71.37,             0.01,       10.98,              0.03,       0.00,             -nan, 100000, 1.01, 1.01, 2.65 
RESULT: PGM,8,95.1428,57372640,11257997166,BinarySearch
RESULT:   PGM,      32,     0.01, 247.55,       264.79,      1.70,       1.46,          0.24,     105.14,        0.00,      67.23,             0.01,       10.98,              0.03,       0.00,             -nan, 100000, 1.07, 1.01, 2.35 
RESULT: PGM,32,99.0862,13610460,10186452244,BinarySearch
RESULT:   PGM,      64,     0.01, 249.86,       276.70,      1.70,       1.46,          0.26,     101.79,        0.00,      68.23,             0.01,       10.98,              0.03,       0.02,             -nan, 100000, 1.11, 1.01, 2.45 
RESULT: PGM,64,96.0498,6735660,9893768247,BinarySearch
RESULT:   PGM,     256,     0.01, 252.59,       297.40,      1.71,       1.46,          0.31,     102.95,        0.00,      70.20,             0.01,       10.98,              0.03,       0.02,             -nan, 100000, 1.18, 1.01, 2.45 
RESULT: PGM,256,97.0233,1681040,9394703305,BinarySearch
RESULT:   PGM,    1024,     0.01, 245.82,       304.74,      1.71,       1.46,          0.24,     104.39,        0.00,      72.20,             0.01,       10.98,              0.03,       0.00,             -nan, 100000, 1.24, 1.01, 2.35 
RESULT: PGM,1024,98.3283,432800,9142659066,BinarySearch
RESULT:   PGM,    2048,     0.01, 221.69,       302.33,      1.71,       1.46,          0.26,      90.31,        0.00,      67.20,             0.01,       10.99,              0.03,       0.00,             -nan, 100000, 1.36, 1.01, 2.45 
RESULT: PGM,2048,84.404,220660,9067927661,BinarySearch
RESULT:   PGM,    4096,     0.01, 218.11,       308.35,      1.72,       1.46,          0.24,      88.84,        0.00,      64.20,             0.01,        9.98,              0.03,       0.00,             -nan, 100000, 1.41, 1.01, 2.46 
RESULT: PGM,4096,82.9294,113860,9029881806,BinarySearch
RESULT:   PGM,    8192,     0.01, 228.69,       328.53,      1.72,       1.46,          0.24,      93.18,        0.00,      69.20,             0.01,       10.98,              0.03,       0.00,             -nan, 100000, 1.44, 1.01, 2.45 
RESULT: PGM,8192,87.4487,59080,8979561875,BinarySearch
RESULT: PGMCacheL (0, 0.000000, 0),      16,     0.01, 264.61,       193.26,      1.72,       1.47,          0.15,     107.84,        0.00,      61.83,             0.01,       21.06,              0.03,       0.00,             -nan, 100000, 0.73, 1.01, 2.45 
RESULT: PGMCacheL (99937, 0.000000, 100000),16,101.918,27793380,10796265313,BinarySearch
RESULT: PGMCacheL (0, 0.000000, 0),       4,     0.01, 263.49,       194.24,      1.72,       1.47,          0.15,     111.92,        0.00,      61.77,             0.01,       21.02,              0.03,       0.00,             -nan, 100000, 0.74, 1.01, 2.35 
RESULT: PGMCacheL (99937, 0.000000, 100000),4,105.859,118835000,12262047715,BinarySearch
RESULT: PGMCacheL (0, 0.000000, 0),       8,     0.01, 259.17,       187.65,      1.72,       1.47,          0.15,     105.58,        0.00,      61.76,             0.01,       21.02,              0.03,       0.00,             -nan, 100000, 0.72, 1.01, 2.45 
RESULT: PGMCacheL (99937, 0.000000, 100000),8,99.6844,57372640,11281073070,BinarySearch
RESULT: PGMCacheL (0, 0.000000, 0),      32,     0.01, 256.13,       187.26,      1.72,       1.46,          0.14,     104.34,        0.00,      61.75,             0.01,       21.01,              0.03,       0.00,             -nan, 100000, 0.73, 1.01, 2.45 
RESULT: PGMCacheL (99937, 0.000000, 100000),32,98.4278,13610460,10184099750,BinarySearch
RESULT: PGMCacheL (0, 0.000000, 0),      64,     0.01, 255.18,       187.12,      1.72,       1.46,          0.14,     103.94,        0.00,      61.75,             0.01,       21.01,              0.03,       0.00,             -nan, 100000, 0.73, 1.01, 2.46 
RESULT: PGMCacheL (99937, 0.000000, 100000),64,98.2228,6735660,9957279470,BinarySearch
RESULT: PGMCacheL (0, 0.000000, 0),     256,     0.01, 257.78,       187.58,      1.72,       1.46,          0.15,     104.99,        0.00,      61.77,             0.01,       21.02,              0.03,       0.00,             -nan, 100000, 0.73, 1.01, 2.46 
RESULT: PGMCacheL (99937, 0.000000, 100000),256,99.0821,1681040,9432576182,BinarySearch
RESULT: PGMCacheL (0, 0.000000, 0),    1024,     0.01, 256.28,       187.60,      1.72,       1.47,          0.15,     104.40,        0.00,      61.76,             0.01,       21.02,              0.03,       0.00,             -nan, 100000, 0.73, 1.01, 2.45 
RESULT: PGMCacheL (99937, 0.000000, 100000),1024,98.511,432800,9189224332,BinarySearch
RESULT: PGMCacheL (0, 0.000000, 0),    2048,     0.01, 265.76,       194.21,      1.72,       1.46,          0.14,     110.92,        0.00,      61.75,             0.01,       21.01,              0.03,       0.00,             -nan, 100000, 0.73, 1.01, 2.40 
RESULT: PGMCacheL (99937, 0.000000, 100000),2048,105.003,220660,9111826702,BinarySearch
RESULT: PGMCacheL (0, 0.000000, 0),    4096,     0.01, 256.17,       187.27,      1.72,       1.47,          0.15,     104.36,        0.00,      61.78,             0.01,       21.04,              0.03,       0.00,             -nan, 100000, 0.73, 1.01, 2.45 
RESULT: PGMCacheL (99937, 0.000000, 100000),4096,98.5981,113860,9083714587,BinarySearch
RESULT: PGMCacheL (0, 0.000000, 0),    8192,     0.01, 264.80,       193.24,      1.72,       1.46,          0.14,     107.84,        0.00,      61.76,             0.01,       21.03,              0.03,       0.00,             -nan, 100000, 0.73, 1.01, 2.46 
RESULT: PGMCacheL (99937, 0.000000, 100000),8192,102.013,59080,9020558040,BinarySearch
RESULT: PGMCacheR (0, 0.000000, 0),      16,     0.01, 262.84,       195.62,      1.72,       1.47,          0.15,     116.58,        0.00,      61.80,             0.01,       21.05,              0.03,       0.00,             0.12, 100000, 0.74, 1.01, 2.25 
RESULT: PGMCacheR (99937, 0.000000, 100000),16,110.35,27793380,10796494763,BinarySearch
RESULT: PGMCacheR (0, 0.000000, 0),       4,     0.01, 257.46,       191.92,      1.72,       1.46,          0.14,     114.62,        0.00,      61.76,             0.01,       21.03,              0.03,       0.00,             -nan, 100000, 0.75, 1.01, 2.25 
RESULT: PGMCacheR (99937, 0.000000, 100000),4,108.414,118835000,12261162705,BinarySearch
RESULT: PGMCacheR (0, 0.000000, 0),       8,     0.01, 266.87,       193.35,      1.72,       1.46,          0.14,     108.72,        0.00,      61.76,             0.01,       21.03,              0.03,       0.00,             -nan, 100000, 0.72, 1.01, 2.45 
RESULT: PGMCacheR (99937, 0.000000, 100000),8,102.781,57372640,11278135406,BinarySearch
RESULT: PGMCacheR (0, 0.000000, 0),      32,     0.01, 263.72,       193.23,      1.72,       1.46,          0.14,     107.45,        0.00,      61.76,             0.01,       21.03,              0.03,       0.00,             -nan, 100000, 0.73, 1.01, 2.45 
RESULT: PGMCacheR (99937, 0.000000, 100000),32,101.547,13610460,10184495021,BinarySearch
RESULT: PGMCacheR (0, 0.000000, 0),      64,     0.01, 255.99,       187.28,      1.72,       1.47,          0.14,     104.28,        0.00,      61.78,             0.01,       21.04,              0.03,       0.00,             -nan, 100000, 0.73, 1.01, 2.45 
RESULT: PGMCacheR (99937, 0.000000, 100000),64,98.5366,6735660,9957772871,BinarySearch
RESULT: PGMCacheR (0, 0.000000, 0),     256,     0.01, 256.17,       187.64,      1.72,       1.46,          0.15,     104.34,        0.00,      61.78,             0.02,       21.04,              0.03,       0.00,             -nan, 100000, 0.73, 1.01, 2.46 
RESULT: PGMCacheR (99937, 0.000000, 100000),256,98.5884,1681040,9429951993,BinarySearch
RESULT: PGMCacheR (0, 0.000000, 0),    1024,     0.01, 263.69,       193.30,      1.72,       1.46,          0.14,     107.46,        0.00,      61.76,             0.01,       21.03,              0.03,       0.00,             -nan, 100000, 0.73, 1.01, 2.45 
RESULT: PGMCacheR (99937, 0.000000, 100000),1024,101.573,432800,9201232826,BinarySearch
RESULT: PGMCacheR (0, 0.000000, 0),    2048,     0.01, 255.24,       187.43,      1.72,       1.46,          0.14,     103.98,        0.00,      61.76,             0.01,       21.03,              0.03,       0.00,             -nan, 100000, 0.73, 1.01, 2.45 
RESULT: PGMCacheR (99937, 0.000000, 100000),2048,98.0571,220660,9110927128,BinarySearch
RESULT: PGMCacheR (0, 0.000000, 0),    4096,     0.01, 255.98,       187.09,      1.72,       1.46,          0.14,     104.26,        0.00,      61.76,             0.01,       21.03,              0.03,       0.00,             -nan, 100000, 0.73, 1.01, 2.46 
RESULT: PGMCacheR (99937, 0.000000, 100000),4096,98.3321,113860,9107321811,BinarySearch
RESULT: PGMCacheR (0, 0.000000, 0),    8192,     0.01, 255.70,       187.59,      1.72,       1.46,          0.14,     104.16,        0.00,      61.76,             0.02,       21.03,              0.03,       0.00,             -nan, 100000, 0.73, 1.01, 2.45 
RESULT: PGMCacheR (99937, 0.000000, 100000),8192,98.2834,59080,9043890894,BinarySearch
