Repeating lookup code 1 time(s).
Using 1 thread(s).
read 200000000 values from ./data/osm_cellids_200M_uint64 in 769 ms (260.078 M values/s)
data is unique
read 1000000 values from ./data/osm_cellids_200M_uint64_equality_lookups_zipf_1M_1 in 135 ms (7.40741 M values/s)
index, variant, time sec, cycles, instructions, L1-misses, LLC-misses, branch-misses, task-clock, page-faults, DTLB-loads, DTLB-load-misses, DTLB-stores, DTLB-store-misses, ITLB_loads, ITLB_load-misses,   scale,  IPC, CPUs,  GHz 
RESULT:   PGM,      16,     0.09, 292.35,       285.72,      0.52,       0.20,          1.00,      87.29,        0.00,      72.07,             0.01,        5.75,              0.00,       0.01,             0.00, 1000000, 0.98, 1.00, 3.35 
RESULT: PGM,16,86.7181,27793380,10721369231,BinarySearch
RESULT:   PGM,       4,     0.08, 268.95,       269.67,      0.51,       0.20,          0.60,      82.01,        0.00,      69.90,             0.01,        5.69,              0.00,       0.00,             0.00, 1000000, 1.00, 1.00, 3.28 
RESULT: PGM,4,81.4195,118835000,12150084771,BinarySearch
RESULT:   PGM,       8,     0.09, 285.56,       278.91,      0.51,       0.19,          0.95,      86.65,        0.00,      70.76,             0.01,        5.71,              0.00,       0.02,             0.00, 1000000, 0.98, 1.00, 3.30 
RESULT: PGM,8,86.0579,57372640,11240794195,BinarySearch
RESULT:   PGM,      32,     0.08, 263.52,       271.42,      0.54,       0.20,          1.04,      82.47,        0.00,      66.09,             0.01,        5.68,              0.00,       0.00,             0.00, 1000000, 1.03, 1.00, 3.20 
RESULT: PGM,32,81.8908,13610460,10162325183,BinarySearch
RESULT:   PGM,      64,     0.08, 264.43,       283.02,      0.56,       0.20,          1.01,      82.00,        0.00,      67.07,             0.01,        5.68,              0.00,       0.00,             0.00, 1000000, 1.07, 1.00, 3.22 
RESULT: PGM,64,81.4373,6735660,9864603628,BinarySearch
RESULT:   PGM,     256,     0.08, 267.37,       303.12,      0.58,       0.20,          1.08,      83.60,        0.00,      68.89,             0.01,        5.69,              0.00,       0.01,             0.00, 1000000, 1.13, 1.00, 3.20 
RESULT: PGM,256,83.0076,1681040,9384638091,BinarySearch
RESULT:   PGM,    1024,     0.08, 271.70,       325.07,      0.60,       0.21,          1.00,      83.82,        0.00,      70.83,             0.01,        5.70,              0.00,       0.00,             0.00, 1000000, 1.20, 1.00, 3.24 
RESULT: PGM,1024,83.2185,432800,9141132478,BinarySearch
RESULT:   PGM,    2048,     0.07, 239.39,       310.35,      0.62,       0.22,          0.98,      73.37,        0.00,      65.78,             0.01,        5.65,              0.00,       0.00,             0.00, 1000000, 1.30, 1.00, 3.26 
RESULT: PGM,2048,72.7725,220660,9057763686,BinarySearch
RESULT:   PGM,    4096,     0.07, 232.78,       310.18,      0.66,       0.23,          1.00,      71.47,        0.00,      62.91,             0.01,        4.65,              0.00,       0.01,             0.00, 1000000, 1.33, 1.00, 3.26 
RESULT: PGM,4096,70.8779,113860,9020018294,BinarySearch
RESULT:   PGM,    8192,     0.08, 242.42,       332.26,      0.72,       0.23,          1.00,      75.96,        0.00,      67.72,             0.01,        5.65,              0.00,       0.00,             0.00, 1000000, 1.37, 1.00, 3.19 
RESULT: PGM,8192,75.3854,59080,8971343589,BinarySearch
RESULT: PGMCacheL (0, 0.000000, 0),      16,     0.10, 336.05,       350.21,      0.75,       0.19,          0.86,     103.88,        0.00,     100.01,             0.15,       32.75,              0.00,       0.00,             0.00, 1000000, 1.04, 1.00, 3.24 
RESULT: PGMCacheL (612111, 0.000000, 1000000),16,103.297,27793380,10789919898,BinarySearch
RESULT: PGMCacheL (0, 0.000000, 0),       4,     0.10, 332.15,       343.52,      0.73,       0.19,          0.79,     103.53,        0.00,      99.31,             0.15,       32.76,              0.00,       0.00,             0.00, 1000000, 1.03, 1.00, 3.21 
RESULT: PGMCacheL (612111, 0.000000, 1000000),4,102.937,118835000,12248945082,BinarySearch
RESULT: PGMCacheL (0, 0.000000, 0),       8,     0.10, 336.50,       350.14,      0.71,       0.19,          0.84,      99.49,        0.00,      99.33,             0.15,       32.65,              0.00,       0.01,             0.00, 1000000, 1.04, 1.00, 3.38 
RESULT: PGMCacheL (612111, 0.000000, 1000000),8,98.9058,57372640,11268934915,BinarySearch
RESULT: PGMCacheL (0, 0.000000, 0),      32,     0.10, 325.13,       344.78,      0.74,       0.19,          0.87,     101.35,        0.00,      97.83,             0.15,       32.71,              0.00,       0.00,             0.00, 1000000, 1.06, 1.00, 3.21 
RESULT: PGMCacheL (612111, 0.000000, 1000000),32,100.759,13610460,10161235928,BinarySearch
RESULT: PGMCacheL (0, 0.000000, 0),      64,     0.10, 325.81,       348.95,      0.76,       0.19,          0.86,     101.11,        0.00,      98.29,             0.15,       32.74,              0.00,       0.00,             0.00, 1000000, 1.07, 1.00, 3.22 
RESULT: PGMCacheL (612111, 0.000000, 1000000),64,100.537,6735660,9937148792,BinarySearch
RESULT: PGMCacheL (0, 0.000000, 0),     256,     0.10, 326.87,       357.45,      0.81,       0.19,          0.89,     101.89,        0.00,      98.91,             0.15,       32.72,              0.00,       0.00,             0.00, 1000000, 1.09, 1.00, 3.21 
RESULT: PGMCacheL (612111, 0.000000, 1000000),256,101.294,1681040,9421463625,BinarySearch
RESULT: PGMCacheL (0, 0.000000, 0),    1024,     0.10, 331.46,       367.69,      0.82,       0.20,          0.88,      99.44,        0.00,      99.63,             0.15,       32.72,              0.00,       0.00,             0.00, 1000000, 1.11, 1.00, 3.33 
RESULT: PGMCacheL (612111, 0.000000, 1000000),1024,98.8713,432800,9171623663,BinarySearch
RESULT: PGMCacheL (0, 0.000000, 0),    2048,     0.10, 319.86,       362.84,      0.87,       0.21,          0.89,      97.14,        0.00,      97.46,             0.15,       32.61,              0.00,       0.00,             0.00, 1000000, 1.13, 1.00, 3.29 
RESULT: PGMCacheL (612111, 0.000000, 1000000),2048,96.549,220660,9096025133,BinarySearch
RESULT: PGMCacheL (0, 0.000000, 0),    4096,     0.10, 322.76,       365.70,      1.02,       0.22,          0.92,      98.99,        0.00,      98.10,             0.15,       32.69,              0.00,       0.00,             0.00, 1000000, 1.13, 1.00, 3.26 
RESULT: PGMCacheL (612111, 0.000000, 1000000),4096,98.4208,113860,9072837339,BinarySearch
RESULT: PGMCacheL (0, 0.000000, 0),    8192,     0.10, 327.04,       372.61,      1.00,       0.22,          0.91,      96.62,        0.00,      98.12,             0.15,       32.57,              0.00,       0.00,             0.00, 1000000, 1.14, 1.00, 3.38 
RESULT: PGMCacheL (612111, 0.000000, 1000000),8192,96.0463,59080,9008683079,BinarySearch
RESULT: PGMCacheR (0, 0.000000, 0),      16,     0.10, 333.84,       350.43,      0.71,       0.19,          0.86,     102.81,        0.00,     100.11,             0.15,       32.84,              0.00,       0.00,             0.00, 1000000, 1.05, 1.00, 3.25 
RESULT: PGMCacheR (612111, 0.000000, 1000000),16,102.237,27793380,10789639674,BinarySearch
RESULT: PGMCacheR (0, 0.000000, 0),       4,     0.10, 331.77,       343.54,      0.72,       0.19,          0.79,     101.92,        0.00,      99.27,             0.15,       32.75,              0.00,       0.00,             0.00, 1000000, 1.04, 1.00, 3.26 
RESULT: PGMCacheR (612111, 0.000000, 1000000),4,101.327,118835000,12249878172,BinarySearch
RESULT: PGMCacheR (0, 0.000000, 0),       8,     0.10, 341.67,       351.04,      0.71,       0.19,          0.85,     102.59,        0.00,      99.56,             0.16,       32.72,              0.00,       0.01,             0.00, 1000000, 1.03, 1.00, 3.33 
RESULT: PGMCacheR (612111, 0.000000, 1000000),8,101.99,57372640,11270495576,BinarySearch
RESULT: PGMCacheR (0, 0.000000, 0),      32,     0.10, 326.18,       346.94,      0.74,       0.19,          0.87,      95.23,        0.00,      97.62,             0.15,       32.65,              0.00,       0.00,             0.00, 1000000, 1.06, 1.00, 3.43 
RESULT: PGMCacheR (612111, 0.000000, 1000000),32,94.637,13610460,10159624398,BinarySearch
RESULT: PGMCacheR (0, 0.000000, 0),      64,     0.10, 323.70,       349.70,      0.75,       0.19,          0.87,     100.18,        0.00,      98.31,             0.15,       32.64,              0.00,       0.00,             0.00, 1000000, 1.08, 1.00, 3.23 
RESULT: PGMCacheR (612111, 0.000000, 1000000),64,99.6071,6735660,9937907089,BinarySearch
RESULT: PGMCacheR (0, 0.000000, 0),     256,     0.10, 330.02,       360.11,      0.79,       0.20,          0.88,      96.57,        0.00,      98.64,             0.15,       32.65,              0.00,       0.00,             0.00, 1000000, 1.09, 1.00, 3.42 
RESULT: PGMCacheR (612111, 0.000000, 1000000),256,95.9661,1681040,9421449113,BinarySearch
RESULT: PGMCacheR (0, 0.000000, 0),    1024,     0.10, 329.56,       366.44,      0.83,       0.20,          0.88,      99.81,        0.00,      99.63,             0.15,       32.71,              0.00,       0.00,             0.00, 1000000, 1.11, 1.00, 3.30 
RESULT: PGMCacheR (612111, 0.000000, 1000000),1024,99.2093,432800,9170896537,BinarySearch
RESULT: PGMCacheR (0, 0.000000, 0),    2048,     0.10, 319.66,       361.45,      0.85,       0.21,          0.89,      98.70,        0.00,      97.77,             0.15,       32.71,              0.00,       0.00,             0.00, 1000000, 1.13, 1.00, 3.24 
RESULT: PGMCacheR (612111, 0.000000, 1000000),2048,98.1055,220660,9095908403,BinarySearch
RESULT: PGMCacheR (0, 0.000000, 0),    4096,     0.10, 326.58,       367.25,      0.92,       0.22,          0.91,      97.16,        0.00,      98.02,             0.15,       32.64,              0.00,       0.00,             0.00, 1000000, 1.12, 1.00, 3.36 
RESULT: PGMCacheR (612111, 0.000000, 1000000),4096,96.5673,113860,9072979209,BinarySearch
RESULT: PGMCacheR (0, 0.000000, 0),    8192,     0.10, 323.82,       370.03,      1.07,       0.22,          0.91,      99.05,        0.00,      98.53,             0.16,       32.69,              0.00,       0.00,             0.00, 1000000, 1.14, 1.00, 3.27 
RESULT: PGMCacheR (612111, 0.000000, 1000000),8192,98.4627,59080,9008672858,BinarySearch
