Repeating lookup code 1 time(s).
Using 1 thread(s).
read 200000000 values from ./data/osm_cellids_200M_uint64 in 770 ms (259.74 M values/s)
data is unique
read 50000 values from ./data/osm_cellids_200M_uint64_equality_lookups_zipf_50K_1 in 16 ms (3.125 M values/s)
index, variant, time sec, cycles, instructions, L1-misses, LLC-misses, branch-misses, task-clock, page-faults, DTLB-loads, DTLB-load-misses, DTLB-stores, DTLB-store-misses, ITLB_loads, ITLB_load-misses, scale,  IPC, CPUs,  GHz 
RESULT:   PGM,      16,     0.01, 333.81,       290.26,      3.35,       2.97,          1.27,     136.03,        0.00,      73.32,             0.03,       17.22,              0.06,       0.01,             -nan, 50000, 0.87, 1.01, 2.45 
RESULT: PGM,16,123.835,27793380,10728314906,BinarySearch
RESULT:   PGM,       4,     0.01, 301.74,       271.68,      3.29,       2.95,          0.84,     128.34,        0.00,      71.50,             0.02,       16.96,              0.05,       0.00,             -nan, 50000, 0.90, 1.02, 2.35 
RESULT: PGM,4,116.091,118835000,12141827377,BinarySearch
RESULT:   PGM,       8,     0.01, 315.41,       280.15,      3.29,       2.94,          1.19,     128.55,        0.00,      72.14,             0.02,       16.94,              0.05,       0.03,             -nan, 50000, 0.89, 1.02, 2.45 
RESULT: PGM,8,116.724,57372640,11248508849,BinarySearch
RESULT:   PGM,      32,     0.01, 295.46,       272.27,      3.33,       2.95,          1.31,     120.59,        0.00,      67.65,             0.02,       16.94,              0.05,       0.00,             -nan, 50000, 0.92, 1.02, 2.45 
RESULT: PGM,32,108.571,13610460,10213991655,BinarySearch
RESULT:   PGM,      64,     0.01, 295.72,       283.09,      3.37,       2.96,          1.27,     120.67,        0.00,      68.60,             0.02,       16.95,              0.05,       0.01,             -nan, 50000, 0.96, 1.02, 2.45 
RESULT: PGM,64,109.02,6735660,9863478595,BinarySearch
RESULT:   PGM,     256,     0.01, 300.09,       303.51,      3.42,       2.98,          1.36,     122.46,        0.00,      70.41,             0.02,       16.94,              0.05,       0.02,             -nan, 50000, 1.01, 1.02, 2.45 
RESULT: PGM,256,110.368,1681040,9383691283,BinarySearch
RESULT:   PGM,    1024,     0.01, 306.60,       325.37,      3.47,       3.02,          1.30,     125.08,        0.00,      72.38,             0.03,       16.94,              0.05,       0.00,             -nan, 50000, 1.06, 1.02, 2.45 
RESULT: PGM,1024,113.03,432800,9134931543,BinarySearch
RESULT:   PGM,    2048,     0.01, 274.41,       310.42,      3.52,       3.04,          1.30,     111.86,        0.00,      67.37,             0.03,       16.94,              0.05,       0.01,             -nan, 50000, 1.13, 1.02, 2.45 
RESULT: PGM,2048,99.9626,220660,9069354468,BinarySearch
RESULT:   PGM,    4096,     0.01, 269.89,       310.42,      3.59,       3.04,          1.31,     109.83,        0.00,      64.39,             0.03,       15.96,              0.05,       0.01,             -nan, 50000, 1.15, 1.01, 2.46 
RESULT: PGM,4096,98.3974,113860,9029582694,BinarySearch
RESULT:   PGM,    8192,     0.01, 276.05,       332.34,      3.72,       3.06,          1.29,     112.51,        0.00,      69.36,             0.04,       16.94,              0.05,       0.00,             -nan, 50000, 1.20, 1.02, 2.45 
RESULT: PGM,8192,100.947,59080,8969384758,BinarySearch
RESULT: PGMCacheL (0, 0.000000, 0),      16,     0.00, 245.54,       188.53,      3.64,       2.97,          0.62,     100.06,        0.00,      59.68,             0.05,       28.50,              0.06,       0.00,             -nan, 50000, 0.77, 1.02, 2.45 
RESULT: PGMCacheL (48760, 0.000000, 50000),16,88.1447,27793380,10784089819,BinarySearch
RESULT: PGMCacheL (0, 0.000000, 0),       4,     0.00, 247.05,       188.31,      3.59,       2.97,          0.63,      93.10,        0.00,      59.69,             0.05,       28.58,              0.06,       0.00,             -nan, 50000, 0.76, 1.02, 2.65 
RESULT: PGMCacheL (48760, 0.000000, 50000),4,81.6412,118835000,12245772649,BinarySearch
RESULT: PGMCacheL (0, 0.000000, 0),       8,     0.00, 245.95,       187.38,      3.55,       2.95,          0.61,      92.71,        0.00,      59.40,             0.05,       28.38,              0.06,       0.00,             -nan, 50000, 0.76, 1.02, 2.65 
RESULT: PGMCacheL (48760, 0.000000, 50000),8,81.1624,57372640,11262855625,BinarySearch
RESULT: PGMCacheL (0, 0.000000, 0),      32,     0.00, 243.91,       187.85,      3.64,       2.96,          0.65,      99.39,        0.00,      59.46,             0.05,       28.52,              0.05,       0.00,             -nan, 50000, 0.77, 1.02, 2.45 
RESULT: PGMCacheL (48760, 0.000000, 50000),32,87.5667,13610460,10169652425,BinarySearch
RESULT: PGMCacheL (0, 0.000000, 0),      64,     0.00, 239.64,       187.14,      3.65,       2.96,          0.62,     101.76,        0.00,      59.23,             0.05,       28.37,              0.05,       0.00,             -nan, 50000, 0.78, 1.02, 2.36 
RESULT: PGMCacheL (48760, 0.000000, 50000),64,89.9526,6735660,10009673458,BinarySearch
RESULT: PGMCacheL (0, 0.000000, 0),     256,     0.00, 245.93,       188.55,      3.75,       2.99,          0.69,     100.24,        0.00,      59.50,             0.05,       28.55,              0.05,       0.01,             -nan, 50000, 0.77, 1.02, 2.45 
RESULT: PGMCacheL (48760, 0.000000, 50000),256,88.2804,1681040,9419537818,BinarySearch
RESULT: PGMCacheL (0, 0.000000, 0),    1024,     0.00, 246.19,       187.99,      3.81,       3.02,          0.66,      92.80,        0.00,      59.26,             0.05,       28.37,              0.05,       0.00,             -nan, 50000, 0.76, 1.02, 2.65 
RESULT: PGMCacheL (48760, 0.000000, 50000),1024,81.2639,432800,9176169987,BinarySearch
RESULT: PGMCacheL (0, 0.000000, 0),    2048,     0.00, 244.98,       188.45,      3.88,       3.05,          0.69,      99.84,        0.00,      59.35,             0.05,       28.52,              0.05,       0.00,             -nan, 50000, 0.77, 1.02, 2.45 
RESULT: PGMCacheL (48760, 0.000000, 50000),2048,88.0155,220660,9099929676,BinarySearch
RESULT: PGMCacheL (0, 0.000000, 0),    4096,     0.00, 242.93,       187.96,      3.96,       3.07,          0.66,      99.01,        0.00,      59.19,             0.06,       28.39,              0.05,       0.00,             -nan, 50000, 0.77, 1.02, 2.45 
RESULT: PGMCacheL (48760, 0.000000, 50000),4096,87.5156,113860,9074730617,BinarySearch
RESULT: PGMCacheL (0, 0.000000, 0),    8192,     0.01, 251.12,       188.96,      4.02,       3.08,          0.68,     102.35,        0.00,      59.40,             0.06,       28.52,              0.05,       0.00,             -nan, 50000, 0.75, 1.02, 2.45 
RESULT: PGMCacheL (48760, 0.000000, 50000),8192,90.544,59080,9009814478,BinarySearch
RESULT: PGMCacheR (0, 0.000000, 0),      16,     0.00, 243.22,       187.83,      3.58,       2.95,          0.64,      99.14,        0.00,      59.49,             0.05,       28.41,              0.05,       0.00,             -nan, 50000, 0.77, 1.02, 2.45 
RESULT: PGMCacheR (48760, 0.000000, 50000),16,87.5263,27793380,10783865857,BinarySearch
RESULT: PGMCacheR (0, 0.000000, 0),       4,     0.00, 243.67,       188.05,      3.59,       2.96,          0.62,      99.32,        0.00,      59.61,             0.05,       28.52,              0.06,       0.00,             -nan, 50000, 0.77, 1.02, 2.45 
RESULT: PGMCacheR (48760, 0.000000, 50000),4,87.5125,118835000,12244895460,BinarySearch
RESULT: PGMCacheR (0, 0.000000, 0),       8,     0.00, 244.08,       187.35,      3.56,       2.95,          0.61,      99.50,        0.00,      59.40,             0.05,       28.37,              0.06,       0.00,             -nan, 50000, 0.77, 1.02, 2.45 
RESULT: PGMCacheR (48760, 0.000000, 50000),8,87.5481,57372640,11261536951,BinarySearch
RESULT: PGMCacheR (0, 0.000000, 0),      32,     0.00, 246.38,       187.83,      3.64,       2.96,          0.65,      92.88,        0.00,      59.45,             0.05,       28.52,              0.06,       0.00,             -nan, 50000, 0.76, 1.02, 2.65 
RESULT: PGMCacheR (48760, 0.000000, 50000),32,81.2597,13610460,10169652353,BinarySearch
RESULT: PGMCacheR (0, 0.000000, 0),      64,     0.00, 240.88,       187.26,      3.64,       2.96,          0.62,      98.13,        0.00,      59.27,             0.05,       28.39,              0.05,       0.00,             -nan, 50000, 0.78, 1.02, 2.45 
RESULT: PGMCacheR (48760, 0.000000, 50000),64,86.6165,6735660,9941970558,BinarySearch
RESULT: PGMCacheR (0, 0.000000, 0),     256,     0.00, 244.65,       188.55,      3.74,       2.99,          0.68,      99.72,        0.00,      59.50,             0.05,       28.54,              0.05,       0.00,             -nan, 50000, 0.77, 1.02, 2.45 
RESULT: PGMCacheR (48760, 0.000000, 50000),256,88.0495,1681040,9419646837,BinarySearch
RESULT: PGMCacheR (0, 0.000000, 0),    1024,     0.00, 245.26,       187.99,      3.83,       3.02,          0.66,      99.96,        0.00,      59.26,             0.05,       28.37,              0.05,       0.00,             -nan, 50000, 0.77, 1.02, 2.45 
RESULT: PGMCacheR (48760, 0.000000, 50000),1024,88.0622,432800,9177098774,BinarySearch
RESULT: PGMCacheR (0, 0.000000, 0),    2048,     0.01, 243.66,       188.43,      3.90,       3.05,          0.68,     103.48,        0.00,      59.35,             0.05,       28.52,              0.05,       0.00,             -nan, 50000, 0.77, 1.02, 2.35 
RESULT: PGMCacheR (48760, 0.000000, 50000),2048,91.5537,220660,9099862701,BinarySearch
RESULT: PGMCacheR (0, 0.000000, 0),    4096,     0.00, 243.32,       187.87,      3.94,       3.06,          0.65,      99.18,        0.00,      59.16,             0.06,       28.37,              0.05,       0.00,             -nan, 50000, 0.77, 1.02, 2.45 
RESULT: PGMCacheR (48760, 0.000000, 50000),4096,87.2602,113860,9074666932,BinarySearch
RESULT: PGMCacheR (0, 0.000000, 0),    8192,     0.00, 246.09,       188.94,      4.03,       3.08,          0.68,     100.29,        0.00,      59.39,             0.06,       28.52,              0.05,       0.00,             -nan, 50000, 0.77, 1.02, 2.45 
RESULT: PGMCacheR (48760, 0.000000, 50000),8192,88.4506,59080,9010115557,BinarySearch
