Repeating lookup code 1 time(s).
Using 1 thread(s).
read 200000000 values from ./data/osm_cellids_200M_uint64 in 771 ms (259.403 M values/s)
data is unique
read 1000000 values from ./data/osm_cellids_200M_uint64_equality_lookups_zipf_1M_2 in 145 ms (6.89655 M values/s)
index, variant, time sec, cycles, instructions, L1-misses, LLC-misses, branch-misses, task-clock, page-faults, DTLB-loads, DTLB-load-misses, DTLB-stores, DTLB-store-misses, ITLB_loads, ITLB_load-misses,   scale,  IPC, CPUs,  GHz 
RESULT:   PGM,      16,     0.09, 285.79,       286.79,      0.46,       0.19,          0.63,      85.92,        0.00,      71.27,             0.01,        5.72,              0.00,       0.00,             0.00, 1000000, 1.00, 1.00, 3.33 
RESULT: PGM,16,85.3139,27793380,10717574964,BinarySearch
RESULT:   PGM,       4,     0.08, 259.24,       268.04,      0.45,       0.19,          0.30,      78.09,        0.00,      69.43,             0.00,        5.67,              0.00,       0.00,             0.00, 1000000, 1.03, 1.00, 3.32 
RESULT: PGM,4,77.4934,118835000,12141398791,BinarySearch
RESULT:   PGM,       8,     0.08, 272.78,       277.73,      0.45,       0.19,          0.61,      82.04,        0.00,      70.37,             0.01,        5.69,              0.00,       0.01,             0.00, 1000000, 1.02, 1.00, 3.33 
RESULT: PGM,8,81.446,57372640,11252737036,BinarySearch
RESULT:   PGM,      32,     0.08, 250.18,       270.79,      0.47,       0.19,          0.65,      78.44,        0.00,      65.92,             0.00,        5.66,              0.00,       0.01,             0.00, 1000000, 1.08, 1.00, 3.19 
RESULT: PGM,32,77.8665,13610460,10168217951,BinarySearch
RESULT:   PGM,      64,     0.08, 251.91,       281.69,      0.47,       0.20,          0.63,      75.97,        0.00,      66.96,             0.00,        5.66,              0.00,       0.00,             0.00, 1000000, 1.12, 1.00, 3.32 
RESULT: PGM,64,75.3946,6735660,9872146098,BinarySearch
RESULT:   PGM,     256,     0.08, 254.75,       303.16,      0.47,       0.19,          0.70,      79.50,        0.00,      68.71,             0.00,        5.66,              0.00,       0.03,             0.00, 1000000, 1.19, 1.00, 3.20 
RESULT: PGM,256,78.907,1681040,9390043665,BinarySearch
RESULT:   PGM,    1024,     0.08, 259.99,       325.52,      0.47,       0.19,          0.63,      80.84,        0.00,      70.59,             0.01,        5.67,              0.00,       0.00,             0.00, 1000000, 1.25, 1.00, 3.22 
RESULT: PGM,1024,80.2409,432800,9138036568,BinarySearch
RESULT:   PGM,    2048,     0.07, 227.74,       310.54,      0.47,       0.20,          0.61,      68.82,        0.00,      66.17,             0.01,        5.65,              0.00,       0.00,             0.00, 1000000, 1.36, 1.00, 3.31 
RESULT: PGM,2048,68.2192,220660,9059257740,BinarySearch
RESULT:   PGM,    4096,     0.07, 220.60,       309.37,      0.48,       0.20,          0.63,      68.63,        0.00,      63.35,             0.01,        4.67,              0.00,       0.00,             0.00, 1000000, 1.40, 1.00, 3.21 
RESULT: PGM,4096,68.0377,113860,9021202639,BinarySearch
RESULT:   PGM,    8192,     0.07, 230.17,       332.95,      0.51,       0.20,          0.63,      69.03,        0.00,      67.99,             0.01,        5.64,              0.00,       0.00,             0.00, 1000000, 1.45, 1.00, 3.33 
RESULT: PGM,8192,68.4574,59080,8972828197,BinarySearch
RESULT: PGMCacheL (0, 0.000000, 0),      16,     0.05, 161.01,       163.57,      0.51,       0.18,          0.20,      50.35,        0.00,      52.96,             0.01,       15.70,              0.00,       0.00,             0.00, 1000000, 1.02, 1.00, 3.20 
RESULT: PGMCacheL (998582, 0.000000, 1000000),16,49.753,27793380,10783320685,BinarySearch
RESULT: PGMCacheL (0, 0.000000, 0),       4,     0.05, 161.20,       164.68,      0.53,       0.18,          0.20,      50.09,        0.00,      52.62,             0.01,       15.60,              0.00,       0.00,             0.00, 1000000, 1.02, 1.00, 3.22 
RESULT: PGMCacheL (998582, 0.000000, 1000000),4,49.4975,118835000,12249762739,BinarySearch
RESULT: PGMCacheL (0, 0.000000, 0),       8,     0.05, 165.01,       165.52,      0.52,       0.18,          0.20,      50.06,        0.00,      52.47,             0.01,       15.55,              0.00,       0.00,             0.00, 1000000, 1.00, 1.00, 3.30 
RESULT: PGMCacheL (998582, 0.000000, 1000000),8,49.4723,57372640,11264453371,BinarySearch
RESULT: PGMCacheL (0, 0.000000, 0),      32,     0.05, 160.26,       164.07,      0.52,       0.18,          0.20,      51.04,        0.00,      52.76,             0.01,       15.63,              0.00,       0.00,             0.00, 1000000, 1.02, 1.00, 3.14 
RESULT: PGMCacheL (998582, 0.000000, 1000000),32,50.4435,13610460,10166694127,BinarySearch
RESULT: PGMCacheL (0, 0.000000, 0),      64,     0.05, 160.37,       164.05,      0.52,       0.18,          0.20,      51.07,        0.00,      52.76,             0.01,       15.63,              0.00,       0.00,             0.00, 1000000, 1.02, 1.00, 3.14 
RESULT: PGMCacheL (998582, 0.000000, 1000000),64,50.4937,6735660,9940041796,BinarySearch
RESULT: PGMCacheL (0, 0.000000, 0),     256,     0.05, 161.04,       163.64,      0.52,       0.18,          0.20,      50.35,        0.00,      52.97,             0.01,       15.69,              0.00,       0.00,             0.00, 1000000, 1.02, 1.00, 3.20 
RESULT: PGMCacheL (998582, 0.000000, 1000000),256,49.7592,1681040,9420369386,BinarySearch
RESULT: PGMCacheL (0, 0.000000, 0),    1024,     0.05, 163.50,       163.81,      0.53,       0.18,          0.20,      51.12,        0.00,      52.98,             0.01,       15.68,              0.00,       0.00,             0.00, 1000000, 1.00, 1.00, 3.20 
RESULT: PGMCacheL (998582, 0.000000, 1000000),1024,50.5242,432800,9175675236,BinarySearch
RESULT: PGMCacheL (0, 0.000000, 0),    2048,     0.05, 160.53,       164.46,      0.54,       0.18,          0.20,      50.29,        0.00,      52.78,             0.01,       15.58,              0.00,       0.00,             0.00, 1000000, 1.02, 1.00, 3.19 
RESULT: PGMCacheL (998582, 0.000000, 1000000),2048,49.6926,220660,9104971062,BinarySearch
RESULT: PGMCacheL (0, 0.000000, 0),    4096,     0.05, 161.22,       164.38,      0.54,       0.19,          0.20,      51.35,        0.00,      52.73,             0.01,       15.61,              0.00,       0.00,             0.00, 1000000, 1.02, 1.00, 3.14 
RESULT: PGMCacheL (998582, 0.000000, 1000000),4096,50.7708,113860,9098143918,BinarySearch
RESULT: PGMCacheL (0, 0.000000, 0),    8192,     0.05, 161.13,       164.10,      0.55,       0.19,          0.20,      51.15,        0.00,      52.83,             0.01,       15.66,              0.00,       0.00,             0.00, 1000000, 1.02, 1.00, 3.15 
RESULT: PGMCacheL (998582, 0.000000, 1000000),8192,50.5632,59080,9032686998,BinarySearch
RESULT: PGMCacheR (0, 0.000000, 0),      16,     0.05, 160.17,       164.20,      0.52,       0.18,          0.20,      50.84,        0.00,      52.78,             0.01,       15.63,              0.00,       0.00,             0.00, 1000000, 1.03, 1.00, 3.15 
RESULT: PGMCacheR (998582, 0.000000, 1000000),16,50.237,27793380,10828026749,BinarySearch
RESULT: PGMCacheR (0, 0.000000, 0),       4,     0.05, 161.35,       164.57,      0.52,       0.18,          0.20,      50.25,        0.00,      52.63,             0.01,       15.59,              0.00,       0.00,             0.00, 1000000, 1.02, 1.00, 3.21 
RESULT: PGMCacheR (998582, 0.000000, 1000000),4,49.6568,118835000,12282810841,BinarySearch
RESULT: PGMCacheR (0, 0.000000, 0),       8,     0.05, 163.15,       163.91,      0.51,       0.18,          0.20,      49.62,        0.00,      52.88,             0.01,       15.67,              0.00,       0.00,             0.00, 1000000, 1.00, 1.00, 3.29 
RESULT: PGMCacheR (998582, 0.000000, 1000000),8,49.03,57372640,11305624997,BinarySearch
RESULT: PGMCacheR (0, 0.000000, 0),      32,     0.05, 160.58,       163.66,      0.52,       0.18,          0.20,      50.20,        0.00,      52.95,             0.01,       15.69,              0.00,       0.00,             0.00, 1000000, 1.02, 1.00, 3.20 
RESULT: PGMCacheR (998582, 0.000000, 1000000),32,49.605,13610460,10169023692,BinarySearch
RESULT: PGMCacheR (0, 0.000000, 0),      64,     0.05, 161.44,       163.96,      0.52,       0.18,          0.20,      50.48,        0.00,      52.93,             0.01,       15.67,              0.00,       0.00,             0.00, 1000000, 1.02, 1.00, 3.20 
RESULT: PGMCacheR (998582, 0.000000, 1000000),64,49.9049,6735660,9940775855,BinarySearch
RESULT: PGMCacheR (0, 0.000000, 0),     256,     0.05, 163.59,       167.13,      0.53,       0.18,          0.20,      51.20,        0.00,      52.74,             0.01,       15.62,              0.00,       0.00,             0.00, 1000000, 1.02, 1.00, 3.20 
RESULT: PGMCacheR (998582, 0.000000, 1000000),256,50.6188,1681040,9420869280,BinarySearch
RESULT: PGMCacheR (0, 0.000000, 0),    1024,     0.05, 165.03,       164.42,      0.52,       0.18,          0.20,      50.36,        0.00,      52.81,             0.01,       15.65,              0.00,       0.00,             0.00, 1000000, 1.00, 1.00, 3.28 
RESULT: PGMCacheR (998582, 0.000000, 1000000),1024,49.7471,432800,9175480283,BinarySearch
RESULT: PGMCacheR (0, 0.000000, 0),    2048,     0.05, 160.08,       164.09,      0.54,       0.18,          0.20,      50.98,        0.00,      52.75,             0.01,       15.63,              0.00,       0.00,             0.00, 1000000, 1.03, 1.00, 3.14 
RESULT: PGMCacheR (998582, 0.000000, 1000000),2048,50.3879,220660,9098411337,BinarySearch
RESULT: PGMCacheR (0, 0.000000, 0),    4096,     0.05, 161.44,       164.36,      0.54,       0.18,          0.20,      51.42,        0.00,      52.73,             0.01,       15.61,              0.00,       0.00,             0.00, 1000000, 1.02, 1.00, 3.14 
RESULT: PGMCacheR (998582, 0.000000, 1000000),4096,50.8221,113860,9078152122,BinarySearch
RESULT: PGMCacheR (0, 0.000000, 0),    8192,     0.05, 161.45,       163.88,      0.54,       0.19,          0.20,      49.11,        0.00,      52.86,             0.01,       15.69,              0.00,       0.00,             0.00, 1000000, 1.02, 1.00, 3.29 
RESULT: PGMCacheR (998582, 0.000000, 1000000),8192,48.5224,59080,9012622015,BinarySearch
