Repeating lookup code 1 time(s).
Using 1 thread(s).
read 200000000 values from ./data/osm_cellids_200M_uint64 in 777 ms (257.4 M values/s)
data is unique
read 1000 values from ./data/osm_cellids_200M_uint64_equality_lookups_zipf_1K_1 in 17 ms (0.0588235 M values/s)
index, variant, time sec,  cycles, instructions, L1-misses, LLC-misses, branch-misses, task-clock, page-faults, DTLB-loads, DTLB-load-misses, DTLB-stores, DTLB-store-misses, ITLB_loads, ITLB_load-misses, scale,  IPC, CPUs,  GHz 
RESULT:   PGM,      16,     0.00, 2167.32,       484.20,    147.37,     146.70,          5.12,     931.05,        0.01,     126.80,             1.06,      613.75,              2.66,       -nan,             -nan,  1000, 0.22, 1.12, 2.33 
RESULT: PGM,16,336.617,27793380,10727790294,BinarySearch
RESULT:   PGM,       4,     0.00, 1982.25,       383.17,    145.51,     145.37,          3.62,     857.41,        0.00,     104.14,             0.74,      600.98,              2.62,       -nan,             -nan,  1000, 0.19, 1.13, 2.31 
RESULT: PGM,4,264.997,118835000,12157542593,BinarySearch
RESULT:   PGM,       8,     0.00, 1966.62,       388.36,    145.29,     144.92,          3.81,     851.18,        0.00,     103.75,             0.71,      600.68,              2.63,       -nan,             -nan,  1000, 0.20, 1.13, 2.31 
RESULT: PGM,8,259.438,57372640,11257312375,BinarySearch
RESULT:   PGM,      32,     0.00, 1948.50,       380.08,    145.41,     145.13,          3.94,     843.39,        0.00,      99.12,             0.70,      600.65,              2.63,       -nan,             -nan,  1000, 0.20, 1.13, 2.31 
RESULT: PGM,32,250.411,13610460,10202703597,BinarySearch
RESULT:   PGM,      64,     0.00, 1962.80,       390.83,    145.45,     145.12,          4.12,     849.75,        0.00,     100.10,             0.70,      600.78,              2.62,       -nan,             -nan,  1000, 0.20, 1.13, 2.31 
RESULT: PGM,64,252.683,6735660,9871033020,BinarySearch
RESULT:   PGM,     256,     0.00, 1952.49,       411.03,    145.61,     145.24,          4.08,     844.54,        0.00,     101.81,             0.72,      600.68,              2.64,       -nan,             -nan,  1000, 0.21, 1.13, 2.31 
RESULT: PGM,256,251.579,1681040,9392214695,BinarySearch
RESULT:   PGM,    1024,     0.00, 1931.22,       432.91,    145.87,     145.45,          4.00,     908.19,        0.00,     103.84,             0.77,      600.82,              2.70,       -nan,             -nan,  1000, 0.22, 1.13, 2.13 
RESULT: PGM,1024,276.499,432800,9143596721,BinarySearch
RESULT:   PGM,    2048,     0.00, 1932.00,       419.23,    145.98,     145.67,          3.97,     837.02,        0.00,      98.93,             0.80,      600.81,              2.64,       -nan,             -nan,  1000, 0.22, 1.14, 2.31 
RESULT: PGM,2048,247.318,220660,9064177216,BinarySearch
RESULT:   PGM,    4096,     0.00, 1885.50,       417.80,    146.29,     145.73,          4.01,     819.22,        0.00,      95.73,             0.81,      599.68,              2.61,       -nan,             -nan,  1000, 0.22, 1.14, 2.30 
RESULT: PGM,4096,247.418,113860,9025245738,BinarySearch
RESULT:   PGM,    8192,     0.00, 1924.81,       439.46,    146.59,     145.55,          3.95,     834.09,        0.00,     100.66,             0.81,      600.61,              2.64,       -nan,             -nan,  1000, 0.23, 1.14, 2.31 
RESULT: PGM,8192,243.73,59080,8978843710,BinarySearch
RESULT: PGMCacheL (0, 0.000000, 0),      16,     0.00, 2064.26,       383.67,    146.35,     145.85,          4.37,     889.53,        0.01,     112.00,             0.99,      623.70,              2.71,       -nan,             -nan,  1000, 0.19, 1.13, 2.32 
RESULT: PGMCacheL (865, 0.000000, 1000),16,290.793,27793380,10797914075,BinarySearch
RESULT: PGMCacheL (0, 0.000000, 0),       4,     0.00, 2020.72,       354.97,    145.67,     145.33,          4.35,     872.95,        0.00,     105.51,             0.93,      619.51,              2.64,       -nan,             -nan,  1000, 0.18, 1.13, 2.31 
RESULT: PGMCacheL (865, 0.000000, 1000),4,281.295,118835000,12265304209,BinarySearch
RESULT: PGMCacheL (0, 0.000000, 0),       8,     0.00, 1988.51,       349.48,    145.55,     145.11,          4.23,     859.98,        0.00,     103.53,             0.89,      618.58,              2.65,       -nan,             -nan,  1000, 0.18, 1.13, 2.31 
RESULT: PGMCacheL (865, 0.000000, 1000),8,262.132,57372640,11310522143,BinarySearch
RESULT: PGMCacheL (0, 0.000000, 0),      32,     0.00, 1971.23,       347.59,    145.77,     145.25,          4.34,     853.17,        0.00,     102.69,             0.89,      618.55,              2.65,       -nan,             -nan,  1000, 0.18, 1.13, 2.31 
RESULT: PGMCacheL (865, 0.000000, 1000),32,261.401,13610460,10173024516,BinarySearch
RESULT: PGMCacheL (0, 0.000000, 0),      64,     0.00, 1974.17,       349.15,    145.87,     145.35,          4.36,     853.23,        0.00,     102.82,             0.88,      618.63,              2.65,       -nan,             -nan,  1000, 0.18, 1.13, 2.31 
RESULT: PGMCacheL (865, 0.000000, 1000),64,260.204,6735660,9953918335,BinarySearch
RESULT: PGMCacheL (0, 0.000000, 0),     256,     0.00, 2007.71,       359.63,    146.22,     145.50,          4.48,     866.64,        0.00,     105.19,             0.93,      619.65,              2.65,       -nan,             -nan,  1000, 0.18, 1.13, 2.32 
RESULT: PGMCacheL (865, 0.000000, 1000),256,273.249,1681040,9441999330,BinarySearch
RESULT: PGMCacheL (0, 0.000000, 0),    1024,     0.00, 1980.46,       355.55,    146.27,     145.46,          4.35,     855.85,        0.00,     103.39,             0.91,      618.76,              2.74,       -nan,             -nan,  1000, 0.18, 1.13, 2.31 
RESULT: PGMCacheL (865, 0.000000, 1000),1024,262.57,432800,9189586235,BinarySearch
RESULT: PGMCacheL (0, 0.000000, 0),    2048,     0.00, 1937.27,       351.97,    146.38,     145.73,          4.33,     839.27,        0.00,     102.45,             0.95,      618.59,              2.62,       -nan,             -nan,  1000, 0.18, 1.14, 2.31 
RESULT: PGMCacheL (865, 0.000000, 1000),2048,263.225,220660,9114355444,BinarySearch
RESULT: PGMCacheL (0, 0.000000, 0),    4096,     0.00, 1996.39,       360.49,    146.89,     146.13,          4.53,     864.12,        0.00,     104.66,             0.99,      619.54,              2.63,       -nan,             -nan,  1000, 0.18, 1.13, 2.31 
RESULT: PGMCacheL (865, 0.000000, 1000),4096,273.188,113860,9090404737,BinarySearch
RESULT: PGMCacheL (0, 0.000000, 0),    8192,     0.00, 2003.59,       354.79,    147.07,     146.04,          4.41,     866.07,        0.00,     102.62,             0.99,      618.47,              2.65,       -nan,             -nan,  1000, 0.18, 1.13, 2.31 
RESULT: PGMCacheL (865, 0.000000, 1000),8192,272.562,59080,9029488848,BinarySearch
RESULT: PGMCacheR (0, 0.000000, 0),      16,     0.00, 2014.40,       362.57,    145.93,     145.38,          4.44,     870.89,        0.00,     107.46,             0.95,      620.33,              2.65,       -nan,             -nan,  1000, 0.18, 1.13, 2.31 
RESULT: PGMCacheR (865, 0.000000, 1000),16,277.404,27793380,10797085776,BinarySearch
RESULT: PGMCacheR (0, 0.000000, 0),       4,     0.00, 1978.60,       349.67,    145.56,     145.25,          4.23,     855.23,        0.00,     103.72,             0.89,      618.68,              2.63,       -nan,             -nan,  1000, 0.18, 1.13, 2.31 
RESULT: PGMCacheR (865, 0.000000, 1000),4,262.393,118835000,12266642630,BinarySearch
RESULT: PGMCacheR (0, 0.000000, 0),       8,     0.00, 1978.05,       349.55,    145.59,     144.99,          4.26,     855.07,        0.00,     103.58,             0.89,      618.62,              2.66,       -nan,             -nan,  1000, 0.18, 1.13, 2.31 
RESULT: PGMCacheR (865, 0.000000, 1000),8,260.752,57372640,11310234677,BinarySearch
RESULT: PGMCacheR (0, 0.000000, 0),      32,     0.00, 1989.58,       349.72,    145.76,     145.26,          4.37,     860.36,        0.00,     103.04,             0.89,      618.83,              2.65,       -nan,             -nan,  1000, 0.18, 1.13, 2.31 
RESULT: PGMCacheR (865, 0.000000, 1000),32,263.47,13610460,10176503370,BinarySearch
RESULT: PGMCacheR (0, 0.000000, 0),      64,     0.00, 2014.60,       356.06,    146.01,     145.61,          4.54,     870.85,        0.00,     104.91,             0.92,      619.63,              2.65,       -nan,             -nan,  1000, 0.18, 1.13, 2.31 
RESULT: PGMCacheR (865, 0.000000, 1000),64,273.227,6735660,9952320134,BinarySearch
RESULT: PGMCacheR (0, 0.000000, 0),     256,     0.00, 2015.30,       358.81,    146.22,     145.77,          4.52,     870.78,        0.00,     105.09,             0.93,      619.62,              2.65,       -nan,             -nan,  1000, 0.18, 1.13, 2.31 
RESULT: PGMCacheR (865, 0.000000, 1000),256,276.234,1681040,9442260343,BinarySearch
RESULT: PGMCacheR (0, 0.000000, 0),    1024,     0.00, 1991.16,       354.42,    146.33,     145.72,          4.38,     861.25,        0.00,     103.19,             0.92,      618.62,              2.72,       -nan,             -nan,  1000, 0.18, 1.13, 2.31 
RESULT: PGMCacheR (865, 0.000000, 1000),1024,265.151,432800,9191750441,BinarySearch
RESULT: PGMCacheR (0, 0.000000, 0),    2048,     0.00, 1934.68,       352.44,    146.39,     145.74,          4.33,     838.95,        0.00,     102.51,             0.94,      618.59,              2.62,       -nan,             -nan,  1000, 0.18, 1.14, 2.31 
RESULT: PGMCacheR (865, 0.000000, 1000),2048,262.407,220660,9112859712,BinarySearch
RESULT: PGMCacheR (0, 0.000000, 0),    4096,     0.00, 2005.86,       354.92,    146.75,     145.95,          4.40,     866.68,        0.00,     102.81,             0.96,      618.73,              2.63,       -nan,             -nan,  1000, 0.18, 1.13, 2.31 
RESULT: PGMCacheR (865, 0.000000, 1000),4096,273.789,113860,9143258567,BinarySearch
RESULT: PGMCacheR (0, 0.000000, 0),    8192,     0.00, 1993.81,       355.35,    147.03,     146.02,          4.35,     862.21,        0.00,     102.75,             1.01,      618.63,              2.63,       -nan,             -nan,  1000, 0.18, 1.13, 2.31 
RESULT: PGMCacheR (865, 0.000000, 1000),8192,267.245,59080,9087037227,BinarySearch
