Repeating lookup code 1 time(s).
Using 1 thread(s).
read 200000000 values from ./data/osm_cellids_200M_uint64 in 782 ms (255.754 M values/s)
data is unique
read 10000 values from ./data/osm_cellids_200M_uint64_equality_lookups_zipf_10K_2 in 0 ms (inf M values/s)
index, variant, time sec, cycles, instructions, L1-misses, LLC-misses, branch-misses, task-clock, page-faults, DTLB-loads, DTLB-load-misses, DTLB-stores, DTLB-store-misses, ITLB_loads, ITLB_load-misses, scale,  IPC, CPUs,  GHz 
RESULT:   PGM,      16,     0.00, 467.89,       304.18,     14.94,      14.68,          1.00,     193.84,        0.00,      77.33,             0.11,       65.88,              0.28,       -nan,             -nan, 10000, 0.65, 1.05, 2.41 
RESULT: PGM,16,132.896,27793380,10728786359,BinarySearch
RESULT:   PGM,       4,     0.00, 421.90,       277.55,     14.76,      14.53,          0.57,     175.38,        0.00,      73.57,             0.07,       64.61,              0.28,       -nan,             -nan, 10000, 0.66, 1.06, 2.41 
RESULT: PGM,4,115.83,118835000,12157087231,BinarySearch
RESULT:   PGM,       8,     0.00, 432.72,       286.75,     14.74,      14.50,          0.85,     179.80,        0.00,      74.29,             0.07,       64.57,              0.27,       -nan,             -nan, 10000, 0.66, 1.06, 2.41 
RESULT: PGM,8,120.338,57372640,11269980433,BinarySearch
RESULT:   PGM,      32,     0.00, 418.61,       279.92,     14.75,      14.51,          0.90,     167.32,        0.00,      70.01,             0.07,       64.57,              0.27,       -nan,             -nan, 10000, 0.67, 1.06, 2.50 
RESULT: PGM,32,108.26,13610460,10183391036,BinarySearch
RESULT:   PGM,      64,     0.00, 412.36,       290.86,     14.75,      14.51,          0.89,     165.00,        0.00,      70.99,             0.07,       64.56,              0.26,       -nan,             -nan, 10000, 0.71, 1.06, 2.50 
RESULT: PGM,64,107.924,6735660,9880783627,BinarySearch
RESULT:   PGM,     256,     0.00, 415.14,       311.90,     14.75,      14.51,          0.95,     172.62,        0.00,      72.91,             0.07,       64.57,              0.26,       -nan,             -nan, 10000, 0.75, 1.06, 2.40 
RESULT: PGM,256,113.137,1681040,9403473886,BinarySearch
RESULT:   PGM,    1024,     0.00, 413.12,       333.76,     14.75,      14.48,          0.89,     186.75,        0.00,      74.87,             0.07,       64.54,              0.26,       -nan,             -nan, 10000, 0.81, 1.06, 2.21 
RESULT: PGM,1024,124.496,432800,9153957535,BinarySearch
RESULT:   PGM,    2048,     0.00, 384.46,       318.97,     14.76,      14.51,          0.89,     166.95,        0.00,      69.91,             0.07,       64.59,              0.26,       -nan,             -nan, 10000, 0.83, 1.07, 2.30 
RESULT: PGM,2048,105.993,220660,9074694099,BinarySearch
RESULT:   PGM,    4096,     0.00, 391.64,       319.01,     14.78,      14.52,          0.90,     151.21,        0.00,      66.91,             0.07,       63.58,              0.27,       -nan,             -nan, 10000, 0.81, 1.07, 2.59 
RESULT: PGM,4096,93.4438,113860,9036759039,BinarySearch
RESULT:   PGM,    8192,     0.00, 384.96,       340.90,     14.80,      14.49,          0.89,     160.52,        0.00,      71.90,             0.07,       64.56,              0.27,       -nan,             -nan, 10000, 0.89, 1.07, 2.40 
RESULT: PGM,8192,102.837,59080,8992260575,BinarySearch
RESULT: PGMCacheL (0, 0.000000, 0),      16,     0.00, 371.19,       191.40,     14.86,      14.57,          0.73,     155.11,        0.00,      61.05,             0.10,       75.87,              0.28,       -nan,             -nan, 10000, 0.52, 1.07, 2.39 
RESULT: PGMCacheL (9862, 0.000000, 10000),16,95.9295,27793380,10813573183,BinarySearch
RESULT: PGMCacheL (0, 0.000000, 0),       4,     0.00, 368.59,       188.64,     14.79,      14.53,          0.74,     153.92,        0.00,      60.43,             0.09,       75.47,              0.27,       -nan,             -nan, 10000, 0.51, 1.07, 2.39 
RESULT: PGMCacheL (9862, 0.000000, 10000),4,94.1993,118835000,12291640374,BinarySearch
RESULT: PGMCacheL (0, 0.000000, 0),       8,     0.00, 366.02,       187.91,     14.78,      14.52,          0.71,     153.04,        0.00,      60.20,             0.09,       75.36,              0.27,       -nan,             -nan, 10000, 0.51, 1.07, 2.39 
RESULT: PGMCacheL (9862, 0.000000, 10000),8,93.5342,57372640,11295501397,BinarySearch
RESULT: PGMCacheL (0, 0.000000, 0),      32,     0.00, 364.35,       187.84,     14.79,      14.51,          0.74,     152.25,        0.00,      60.14,             0.09,       75.38,              0.27,       -nan,             -nan, 10000, 0.52, 1.07, 2.39 
RESULT: PGMCacheL (9862, 0.000000, 10000),32,92.8367,13610460,10173804762,BinarySearch
RESULT: PGMCacheL (0, 0.000000, 0),      64,     0.00, 360.98,       187.97,     14.80,      14.52,          0.75,     150.92,        0.00,      60.15,             0.09,       75.37,              0.26,       -nan,             -nan, 10000, 0.52, 1.07, 2.39 
RESULT: PGMCacheL (9862, 0.000000, 10000),64,93.3823,6735660,9950357136,BinarySearch
RESULT: PGMCacheL (0, 0.000000, 0),     256,     0.00, 365.63,       189.00,     14.82,      14.52,          0.74,     159.18,        0.00,      60.39,             0.10,       75.48,              0.27,       -nan,             -nan, 10000, 0.52, 1.07, 2.30 
RESULT: PGMCacheL (9862, 0.000000, 10000),256,98.1817,1681040,9443714012,BinarySearch
RESULT: PGMCacheL (0, 0.000000, 0),    1024,     0.00, 365.18,       188.68,     14.82,      14.50,          0.74,     152.66,        0.00,      60.22,             0.09,       75.39,              0.26,       -nan,             -nan, 10000, 0.52, 1.07, 2.39 
RESULT: PGMCacheL (9862, 0.000000, 10000),1024,93.4627,432800,9188334584,BinarySearch
RESULT: PGMCacheL (0, 0.000000, 0),    2048,     0.00, 362.98,       188.31,     14.81,      14.51,          0.73,     151.80,        0.00,      60.12,             0.09,       75.37,              0.27,       -nan,             -nan, 10000, 0.52, 1.07, 2.39 
RESULT: PGMCacheL (9862, 0.000000, 10000),2048,92.9313,220660,9111901947,BinarySearch
RESULT: PGMCacheL (0, 0.000000, 0),    4096,     0.00, 362.66,       189.08,     14.85,      14.56,          0.74,     151.72,        0.00,      60.34,             0.10,       75.46,              0.26,       -nan,             -nan, 10000, 0.52, 1.07, 2.39 
RESULT: PGMCacheL (9862, 0.000000, 10000),4096,93.7793,113860,9087137546,BinarySearch
RESULT: PGMCacheL (0, 0.000000, 0),    8192,     0.00, 375.08,       188.58,     14.86,      14.54,          0.72,     150.59,        0.00,      60.14,             0.10,       75.36,              0.27,       -nan,             -nan, 10000, 0.50, 1.07, 2.49 
RESULT: PGMCacheL (9862, 0.000000, 10000),8192,92.1225,59080,9022859139,BinarySearch
RESULT: PGMCacheR (0, 0.000000, 0),      16,     0.00, 368.09,       189.32,     14.81,      14.53,          0.74,     153.70,        0.00,      60.61,             0.10,       75.54,              0.27,       -nan,             -nan, 10000, 0.51, 1.07, 2.39 
RESULT: PGMCacheR (9862, 0.000000, 10000),16,94.7026,27793380,10801537139,BinarySearch
RESULT: PGMCacheR (0, 0.000000, 0),       4,     0.00, 364.82,       188.02,     14.78,      14.51,          0.72,     152.45,        0.00,      60.23,             0.09,       75.37,              0.27,       -nan,             -nan, 10000, 0.52, 1.07, 2.39 
RESULT: PGMCacheR (9862, 0.000000, 10000),4,93.3086,118835000,12273048559,BinarySearch
RESULT: PGMCacheR (0, 0.000000, 0),       8,     0.00, 365.55,       187.96,     14.79,      14.51,          0.72,     152.77,        0.00,      60.21,             0.09,       75.36,              0.27,       -nan,             -nan, 10000, 0.51, 1.07, 2.39 
RESULT: PGMCacheR (9862, 0.000000, 10000),8,93.6091,57372640,11281294084,BinarySearch
RESULT: PGMCacheR (0, 0.000000, 0),      32,     0.00, 366.38,       187.99,     14.79,      14.52,          0.74,     153.02,        0.00,      60.16,             0.09,       75.39,              0.27,       -nan,             -nan, 10000, 0.51, 1.07, 2.39 
RESULT: PGMCacheR (9862, 0.000000, 10000),32,93.5292,13610460,10176857871,BinarySearch
RESULT: PGMCacheR (0, 0.000000, 0),      64,     0.00, 364.23,       188.80,     14.81,      14.55,          0.75,     152.26,        0.00,      60.38,             0.09,       75.49,              0.26,       -nan,             -nan, 10000, 0.52, 1.07, 2.39 
RESULT: PGMCacheR (9862, 0.000000, 10000),64,94.2963,6735660,9950445565,BinarySearch
RESULT: PGMCacheR (0, 0.000000, 0),     256,     0.00, 363.18,       188.97,     14.82,      14.53,          0.74,     151.84,        0.00,      60.38,             0.09,       75.47,              0.26,       -nan,             -nan, 10000, 0.52, 1.07, 2.39 
RESULT: PGMCacheR (9862, 0.000000, 10000),256,94.087,1681040,9432105751,BinarySearch
RESULT: PGMCacheR (0, 0.000000, 0),    1024,     0.00, 365.18,       188.61,     14.81,      14.53,          0.73,     152.60,        0.00,      60.21,             0.09,       75.38,              0.26,       -nan,             -nan, 10000, 0.52, 1.07, 2.39 
RESULT: PGMCacheR (9862, 0.000000, 10000),1024,93.142,432800,9189081645,BinarySearch
RESULT: PGMCacheR (0, 0.000000, 0),    2048,     0.00, 367.88,       188.32,     14.81,      14.51,          0.72,     147.80,        0.00,      60.12,             0.09,       75.37,              0.27,       -nan,             -nan, 10000, 0.51, 1.07, 2.49 
RESULT: PGMCacheR (9862, 0.000000, 10000),2048,89.1528,220660,9129655798,BinarySearch
RESULT: PGMCacheR (0, 0.000000, 0),    4096,     0.00, 362.74,       188.45,     14.83,      14.51,          0.72,     151.74,        0.00,      60.14,             0.09,       75.36,              0.27,       -nan,             -nan, 10000, 0.52, 1.07, 2.39 
RESULT: PGMCacheR (9862, 0.000000, 10000),4096,92.6531,113860,9086948101,BinarySearch
RESULT: PGMCacheR (0, 0.000000, 0),    8192,     0.00, 361.15,       188.77,     14.86,      14.53,          0.74,     157.33,        0.00,      60.18,             0.09,       75.39,              0.27,       -nan,             -nan, 10000, 0.52, 1.07, 2.30 
RESULT: PGMCacheR (9862, 0.000000, 10000),8192,96.7056,59080,9021874036,BinarySearch
