Repeating lookup code 1 time(s).
Using 1 thread(s).
read 200000000 values from ./data/wiki_ts_200M_uint64 in 766 ms (261.097 M values/s)
data contains duplicates
read 1000 values from ./data/wiki_ts_200M_uint64_equality_lookups_zipf_1K_3 in 0 ms (inf M values/s)
index, variant, time sec,   cycles, instructions, L1-misses, LLC-misses, branch-misses, task-clock, page-faults, DTLB-loads, DTLB-load-misses, DTLB-stores, DTLB-store-misses, ITLB_loads, ITLB_load-misses, scale,  IPC, CPUs,  GHz 
RESULT:   PGM,      16,     0.00, 10589.17,      5162.00,    160.31,     147.14,          7.31,    4315.83,        2.21,    1529.01,            25.05,     2218.28,             15.46,       0.13,             -nan,  1000, 0.49, 1.02, 2.45 
RESULT: PGM,16,275.799,4604520,5118228591,BinarySearch
RESULT:   PGM,       4,     0.00, 6252.49,      2628.18,    153.88,     147.67,          4.33,    2569.24,        1.07,     778.71,            13.47,     1381.02,              9.88,       -nan,             -nan,  1000, 0.42, 1.04, 2.43 
RESULT: PGM,4,233.65,45559200,6388917060,BinarySearch
RESULT:   PGM,       8,     0.00, 1905.01,       330.78,    144.83,     144.71,          2.48,     794.18,        0.00,      90.90,             0.66,      600.82,              2.64,       -nan,             -nan,  1000, 0.17, 1.14, 2.40 
RESULT: PGM,8,205.095,14269300,5647861535,BinarySearch
RESULT:   PGM,      32,     0.00, 4495.26,      1757.81,    149.75,     146.06,          3.66,    1864.27,        0.66,     513.50,             8.34,     1080.98,              6.98,       -nan,             -nan,  1000, 0.39, 1.06, 2.41 
RESULT: PGM,32,212.637,1721860,4805415824,BinarySearch
RESULT:   PGM,      64,     0.00, 1918.17,       369.84,    144.95,     144.97,          2.62,     830.98,        0.00,      95.91,             0.68,      601.80,              2.63,       -nan,             -nan,  1000, 0.19, 1.14, 2.31 
RESULT: PGM,64,226.443,754740,4720995838,BinarySearch
RESULT:   PGM,     256,     0.00, 1884.37,       385.46,    144.87,     144.70,          2.54,     817.44,        0.00,      95.84,             0.66,      600.74,              2.64,       -nan,             -nan,  1000, 0.20, 1.14, 2.31 
RESULT: PGM,256,218.589,222580,4841580146,BinarySearch
RESULT:   PGM,    1024,     0.00, 1806.09,       381.38,    144.84,     144.81,          2.52,     787.84,        0.00,      91.84,             0.67,      600.77,              2.61,       -nan,             -nan,  1000, 0.21, 1.15, 2.29 
RESULT: PGM,1024,205.816,89600,5275356549,BinarySearch
RESULT:   PGM,    2048,     0.00, 1812.15,       392.48,    144.87,     144.80,          2.48,     789.28,        0.00,      92.88,             0.67,      600.83,              2.61,       -nan,             -nan,  1000, 0.22, 1.14, 2.30 
RESULT: PGM,2048,208.763,54380,5380093979,BinarySearch
RESULT:   PGM,    4096,     0.00, 1867.90,       392.69,    144.87,     144.78,          2.47,     811.86,        0.00,      89.94,             0.67,      599.89,              2.63,       -nan,             -nan,  1000, 0.21, 1.14, 2.30 
RESULT: PGM,4096,204.289,38680,5717883462,BinarySearch
RESULT:   PGM,    8192,     0.00, 1826.95,       414.19,    144.87,     144.83,          2.48,     795.61,        0.00,      94.81,             0.67,      600.74,              2.63,       -nan,             -nan,  1000, 0.23, 1.14, 2.30 
RESULT: PGM,8192,210.524,19940,5335450453,BinarySearch
RESULT: PGMCacheL (0, 0.000000, 0),      16,     0.00, 10355.30,      4919.16,    161.46,     147.68,          6.23,    4220.56,        2.17,    1475.83,            24.96,     2190.50,             15.83,       0.18,             -nan,  1000, 0.48, 1.02, 2.45 
RESULT: PGMCacheL (988, 0.000000, 1000),16,209.827,4604520,5123140508,BinarySearch
RESULT: PGMCacheL (0, 0.000000, 0),       4,     0.00, 1883.78,       272.38,    144.88,     144.82,          2.53,     785.91,        0.00,      86.06,             0.70,      611.39,              2.65,       -nan,             -nan,  1000, 0.14, 1.14, 2.40 
RESULT: PGMCacheL (988, 0.000000, 1000),4,194.017,45559200,6431064740,BinarySearch
RESULT: PGMCacheL (0, 0.000000, 0),       8,     0.00, 1848.64,       270.73,    144.87,     144.77,          2.56,     805.00,        0.00,      85.83,             0.71,      611.27,              2.66,       -nan,             -nan,  1000, 0.15, 1.14, 2.30 
RESULT: PGMCacheL (988, 0.000000, 1000),8,200.445,14269300,5646874247,BinarySearch
RESULT: PGMCacheL (0, 0.000000, 0),      32,     0.00, 1785.21,       270.72,    144.87,     144.79,          2.55,     777.51,        0.00,      85.76,             0.69,      611.14,              2.69,       -nan,             -nan,  1000, 0.15, 1.15, 2.30 
RESULT: PGMCacheL (988, 0.000000, 1000),32,196.084,1721860,4816600896,BinarySearch
RESULT: PGMCacheL (0, 0.000000, 0),      64,     0.00, 1879.83,       277.50,    144.98,     145.11,          2.66,     816.25,        0.00,      87.89,             0.73,      612.23,              2.64,       -nan,             -nan,  1000, 0.15, 1.14, 2.30 
RESULT: PGMCacheL (988, 0.000000, 1000),64,211.079,754740,4733980649,BinarySearch
RESULT: PGMCacheL (0, 0.000000, 0),     256,     0.00, 1901.38,       277.73,    145.00,     145.06,          2.66,     792.72,        0.00,      87.86,             0.74,      612.15,              2.67,       -nan,             -nan,  1000, 0.15, 1.14, 2.40 
RESULT: PGMCacheL (988, 0.000000, 1000),256,204.951,222580,4845819323,BinarySearch
RESULT: PGMCacheL (0, 0.000000, 0),    1024,     0.00, 1840.54,       271.18,    144.84,     144.72,          2.55,     800.30,        0.00,      85.80,             0.70,      611.21,              2.67,       -nan,             -nan,  1000, 0.15, 1.14, 2.30 
RESULT: PGMCacheL (988, 0.000000, 1000),1024,195.185,89600,5278044329,BinarySearch
RESULT: PGMCacheL (0, 0.000000, 0),    2048,     0.00, 1851.30,       271.10,    144.87,     144.91,          2.55,     804.73,        0.00,      85.80,             0.69,      611.23,              2.65,       -nan,             -nan,  1000, 0.15, 1.14, 2.30 
RESULT: PGMCacheL (988, 0.000000, 1000),2048,199.273,54380,5396472973,BinarySearch
RESULT: PGMCacheL (0, 0.000000, 0),    4096,     0.00, 1845.43,       271.47,    144.87,     144.84,          2.52,     802.12,        0.00,      85.85,             0.70,      611.24,              2.63,       -nan,             -nan,  1000, 0.15, 1.14, 2.30 
RESULT: PGMCacheL (988, 0.000000, 1000),4096,199.994,38680,5738705753,BinarySearch
RESULT: PGMCacheL (0, 0.000000, 0),    8192,     0.00, 1842.39,       273.01,    144.89,     144.76,          2.56,     799.88,        0.00,      86.04,             0.69,      611.35,              2.65,       -nan,             -nan,  1000, 0.15, 1.14, 2.30 
RESULT: PGMCacheL (988, 0.000000, 1000),8192,201.115,19940,5343391968,BinarySearch
RESULT: PGMCacheR (0, 0.000000, 0),      16,     0.00, 10375.84,      4902.56,    160.94,     147.95,          6.11,    4229.70,        2.17,    1472.34,            25.03,     2187.03,             16.16,       0.26,             -nan,  1000, 0.47, 1.02, 2.45 
RESULT: PGMCacheR (988, 0.000000, 1000),16,204.677,4604520,5123831574,BinarySearch
RESULT: PGMCacheR (0, 0.000000, 0),       4,     0.00, 1839.75,       270.80,    144.93,     144.84,          2.52,     799.77,        0.00,      85.88,             0.70,      611.25,              2.65,       -nan,             -nan,  1000, 0.15, 1.14, 2.30 
RESULT: PGMCacheR (988, 0.000000, 1000),4,198.243,45559200,6430633533,BinarySearch
RESULT: PGMCacheR (0, 0.000000, 0),       8,     0.00, 1846.95,       270.55,    144.88,     144.80,          2.54,     803.72,        0.00,      85.80,             0.72,      611.22,              2.65,       -nan,             -nan,  1000, 0.15, 1.14, 2.30 
RESULT: PGMCacheR (988, 0.000000, 1000),8,198.533,14269300,5646478459,BinarySearch
RESULT: PGMCacheR (0, 0.000000, 0),      32,     0.00, 1786.47,       270.64,    144.87,     144.82,          2.50,     778.08,        0.00,      85.76,             0.70,      611.11,              2.70,       -nan,             -nan,  1000, 0.15, 1.15, 2.30 
RESULT: PGMCacheR (988, 0.000000, 1000),32,194.626,1721860,4815944172,BinarySearch
RESULT: PGMCacheR (0, 0.000000, 0),      64,     0.00, 1881.47,       277.42,    145.02,     145.04,          2.64,     816.38,        0.00,      87.90,             0.73,      612.23,              2.67,       -nan,             -nan,  1000, 0.15, 1.14, 2.30 
RESULT: PGMCacheR (988, 0.000000, 1000),64,210.249,754740,4733976061,BinarySearch
RESULT: PGMCacheR (0, 0.000000, 0),     256,     0.00, 1821.87,       277.65,    144.99,     144.85,          2.65,     824.59,        0.00,      87.89,             0.74,      612.15,              2.64,       -nan,             -nan,  1000, 0.15, 1.14, 2.21 
RESULT: PGMCacheR (988, 0.000000, 1000),256,211.287,222580,4845286761,BinarySearch
RESULT: PGMCacheR (0, 0.000000, 0),    1024,     0.00, 1851.02,       271.38,    144.90,     144.86,          2.55,     804.46,        0.00,      85.90,             0.72,      611.35,              2.65,       -nan,             -nan,  1000, 0.15, 1.14, 2.30 
RESULT: PGMCacheR (988, 0.000000, 1000),1024,199.761,89600,5284464768,BinarySearch
RESULT: PGMCacheR (0, 0.000000, 0),    2048,     0.00, 1837.38,       272.39,    144.91,     144.83,          2.56,     798.94,        0.00,      85.93,             0.71,      611.28,              2.64,       -nan,             -nan,  1000, 0.15, 1.14, 2.30 
RESULT: PGMCacheR (988, 0.000000, 1000),2048,199.456,54380,5396218545,BinarySearch
RESULT: PGMCacheR (0, 0.000000, 0),    4096,     0.00, 1849.76,       270.91,    144.88,     144.87,          2.54,     804.23,        0.00,      85.74,             0.72,      611.17,              2.65,       -nan,             -nan,  1000, 0.15, 1.14, 2.30 
RESULT: PGMCacheR (988, 0.000000, 1000),4096,200.296,38680,5739613257,BinarySearch
RESULT: PGMCacheR (0, 0.000000, 0),    8192,     0.00, 1849.67,       271.49,    144.90,     144.84,          2.53,     805.09,        0.00,      85.84,             0.71,      611.23,              2.64,       -nan,             -nan,  1000, 0.15, 1.14, 2.30 
RESULT: PGMCacheR (988, 0.000000, 1000),8192,199.477,19940,5344367056,BinarySearch
