Repeating lookup code 1 time(s).
Using 1 thread(s).
read 200000000 values from ./data/wiki_ts_200M_uint64 in 769 ms (260.078 M values/s)
data contains duplicates
read 50000 values from ./data/wiki_ts_200M_uint64_equality_lookups_zipf_50K_1 in 18 ms (2.77778 M values/s)
index, variant, time sec, cycles, instructions, L1-misses, LLC-misses, branch-misses, task-clock, page-faults, DTLB-loads, DTLB-load-misses, DTLB-stores, DTLB-store-misses, ITLB_loads, ITLB_load-misses, scale,  IPC, CPUs,  GHz 
RESULT:   PGM,      16,     0.01, 421.31,       325.01,      4.06,       3.04,          1.28,     171.59,        0.04,      92.55,             0.52,       49.27,              0.31,       0.03,             -nan, 50000, 0.77, 1.01, 2.46 
RESULT: PGM,16,91.1877,4604520,5121680401,BinarySearch
RESULT:   PGM,       4,     0.01, 368.79,       305.04,      3.92,       3.06,          1.18,     150.29,        0.02,      82.85,             0.28,       32.55,              0.20,       0.03,             -nan, 50000, 0.83, 1.01, 2.45 
RESULT: PGM,4,103.907,45559200,6391912798,BinarySearch
RESULT:   PGM,       8,     0.01, 252.38,       235.79,      3.75,       3.00,          1.20,     102.84,        0.00,      63.39,             0.03,       16.95,              0.05,       0.02,             -nan, 50000, 0.93, 1.02, 2.45 
RESULT: PGM,8,90.9513,14269300,5643418019,BinarySearch
RESULT:   PGM,      32,     0.01, 339.10,       295.01,      3.93,       3.04,          1.35,     138.35,        0.02,      77.14,             0.24,       30.78,              0.18,       0.01,             -nan, 50000, 0.87, 1.02, 2.45 
RESULT: PGM,32,95.9809,1721860,4804620790,BinarySearch
RESULT:   PGM,      64,     0.01, 269.97,       264.87,      3.82,       3.01,          1.26,     110.01,        0.00,      65.92,             0.03,       16.95,              0.05,       0.01,             -nan, 50000, 0.98, 1.02, 2.45 
RESULT: PGM,64,98.0829,754740,4725064645,BinarySearch
RESULT:   PGM,     256,     0.01, 271.61,       286.22,      3.91,       3.04,          1.35,     110.68,        0.00,      67.87,             0.03,       16.96,              0.05,       0.04,             -nan, 50000, 1.05, 1.02, 2.45 
RESULT: PGM,256,98.6916,222580,4842140129,BinarySearch
RESULT:   PGM,    1024,     0.00, 245.09,       281.83,      3.96,       3.07,          1.38,      99.87,        0.00,      63.80,             0.03,       16.95,              0.05,       0.02,             -nan, 50000, 1.15, 1.02, 2.45 
RESULT: PGM,1024,87.922,89600,5292230403,BinarySearch
RESULT:   PGM,    2048,     0.00, 245.37,       292.78,      3.98,       3.10,          1.36,     100.00,        0.00,      64.79,             0.04,       16.95,              0.05,       0.01,             -nan, 50000, 1.19, 1.02, 2.45 
RESULT: PGM,2048,88.3787,54380,5389249673,BinarySearch
RESULT:   PGM,    4096,     0.00, 243.50,       292.74,      4.00,       3.13,          1.37,      99.26,        0.00,      61.79,             0.04,       15.95,              0.05,       0.02,             -nan, 50000, 1.20, 1.02, 2.45 
RESULT: PGM,4096,87.2049,38680,5715851486,BinarySearch
RESULT:   PGM,    8192,     0.00, 249.24,       314.71,      4.01,       3.12,          1.36,     101.55,        0.00,      66.78,             0.04,       16.94,              0.05,       0.01,             -nan, 50000, 1.26, 1.02, 2.45 
RESULT: PGM,8192,89.6818,19940,5339083447,BinarySearch
RESULT: PGMCacheL (0, 0.000000, 0),      16,     0.00,  41.66,         6.86,      2.96,       2.93,          0.09,      17.96,        0.00,       2.01,             0.03,       12.61,              0.05,       -nan,             -nan, 50000, 0.16, 1.13, 2.32 
RESULT: PGMCacheL (0, 0.000000, 0),       4,     0.00,  39.45,         5.97,      2.94,       2.91,          0.08,      17.07,        0.00,       1.77,             0.02,       12.47,              0.05,       -nan,             -nan, 50000, 0.15, 1.13, 2.31 
RESULT: PGMCacheL (0, 0.000000, 0),       8,     0.00,  39.72,         5.98,      2.94,       2.91,          0.08,      17.19,        0.00,       1.78,             0.02,       12.47,              0.05,       -nan,             -nan, 50000, 0.15, 1.13, 2.31 
RESULT: PGMCacheL (0, 0.000000, 0),      32,     0.00,  41.03,         5.96,      2.94,       2.91,          0.08,      17.71,        0.00,       1.77,             0.02,       12.47,              0.05,       -nan,             -nan, 50000, 0.15, 1.13, 2.32 
RESULT: PGMCacheL (0, 0.000000, 0),      64,     0.00,  39.94,         5.97,      2.94,       2.92,          0.08,      17.26,        0.00,       1.77,             0.02,       12.47,              0.05,       -nan,             -nan, 50000, 0.15, 1.13, 2.31 
RESULT: PGMCacheL (0, 0.000000, 0),     256,     0.00,  40.97,         6.00,      2.94,       2.92,          0.08,      17.69,        0.00,       1.78,             0.02,       12.47,              0.06,       -nan,             -nan, 50000, 0.15, 1.13, 2.32 
RESULT: PGMCacheL (0, 0.000000, 0),    1024,     0.00,  39.80,         5.94,      2.94,       2.92,          0.09,      17.93,        0.00,       1.76,             0.02,       12.47,              0.06,       -nan,             -nan, 50000, 0.15, 1.13, 2.22 
RESULT: PGMCacheL (0, 0.000000, 0),    2048,     0.00,  40.38,         5.98,      2.94,       2.92,          0.08,      17.44,        0.00,       1.76,             0.02,       12.46,              0.06,       -nan,             -nan, 50000, 0.15, 1.13, 2.32 
RESULT: PGMCacheL (0, 0.000000, 0),    4096,     0.00,  39.63,         6.17,      2.94,       2.92,          0.08,      17.15,        0.00,       1.78,             0.02,       12.50,              0.06,       -nan,             -nan, 50000, 0.16, 1.13, 2.31 
RESULT: PGMCacheL (0, 0.000000, 0),    8192,     0.00,  40.64,         6.02,      2.94,       2.92,          0.08,      17.76,        0.00,       1.77,             0.03,       12.47,              0.06,       -nan,             -nan, 50000, 0.15, 1.13, 2.29 
RESULT: PGMCacheR (0, 0.000000, 0),      16,     0.00,  41.36,         6.24,      2.94,       2.92,          0.09,      17.84,        0.00,       1.86,             0.02,       12.51,              0.06,       -nan,             -nan, 50000, 0.15, 1.13, 2.32 
RESULT: PGMCacheR (0, 0.000000, 0),       4,     0.00,  40.53,         6.02,      2.94,       2.91,          0.08,      17.51,        0.00,       1.79,             0.02,       12.47,              0.06,       -nan,             -nan, 50000, 0.15, 1.13, 2.31 
RESULT: PGMCacheR (0, 0.000000, 0),       8,     0.00,  40.39,         5.94,      2.94,       2.91,          0.08,      17.44,        0.00,       1.77,             0.02,       12.46,              0.06,       -nan,             -nan, 50000, 0.15, 1.13, 2.32 
RESULT: PGMCacheR (0, 0.000000, 0),      32,     0.00,  41.02,         6.04,      2.94,       2.91,          0.08,      17.70,        0.00,       1.79,             0.02,       12.48,              0.05,       -nan,             -nan, 50000, 0.15, 1.13, 2.32 
RESULT: PGMCacheR (0, 0.000000, 0),      64,     0.00,  40.89,         6.00,      2.94,       2.92,          0.08,      17.65,        0.00,       1.78,             0.02,       12.48,              0.05,       -nan,             -nan, 50000, 0.15, 1.13, 2.32 
RESULT: PGMCacheR (0, 0.000000, 0),     256,     0.00,  40.28,         5.92,      2.94,       2.91,          0.08,      17.40,        0.00,       1.76,             0.02,       12.46,              0.06,       -nan,             -nan, 50000, 0.15, 1.13, 2.31 
RESULT: PGMCacheR (0, 0.000000, 0),    1024,     0.00,  41.56,         6.08,      2.94,       2.92,          0.08,      16.59,        0.00,       1.79,             0.02,       12.48,              0.06,       -nan,             -nan, 50000, 0.15, 1.13, 2.50 
RESULT: PGMCacheR (0, 0.000000, 0),    2048,     0.00,  41.43,         5.98,      2.94,       2.92,          0.08,      16.54,        0.00,       1.76,             0.02,       12.47,              0.06,       -nan,             -nan, 50000, 0.14, 1.13, 2.50 
RESULT: PGMCacheR (0, 0.000000, 0),    4096,     0.00,  41.21,         6.15,      2.95,       2.92,          0.09,      17.77,        0.00,       1.82,             0.03,       12.49,              0.06,       -nan,             -nan, 50000, 0.15, 1.13, 2.32 
RESULT: PGMCacheR (0, 0.000000, 0),    8192,     0.00,  38.46,         5.91,      2.94,       2.91,          0.08,      17.55,        0.00,       1.74,             0.03,       12.46,              0.05,       -nan,             -nan, 50000, 0.15, 1.15, 2.19 
