Repeating lookup code 1 time(s).
Using 1 thread(s).
read 200000000 values from ./data/wiki_ts_200M_uint64 in 775 ms (258.065 M values/s)
data contains duplicates
read 100000 values from ./data/wiki_ts_200M_uint64_equality_lookups_zipf_100K_3 in 0 ms (inf M values/s)
index, variant, time sec, cycles, instructions, L1-misses, LLC-misses, branch-misses, task-clock, page-faults, DTLB-loads, DTLB-load-misses, DTLB-stores, DTLB-store-misses, ITLB_loads, ITLB_load-misses,  scale,  IPC, CPUs,  GHz 
RESULT:   PGM,      16,     0.01, 286.90,       240.15,      1.87,       1.49,          0.27,     117.03,        0.02,      74.36,             0.30,       27.11,              0.16,       0.00,             0.10, 100000, 0.84, 1.01, 2.45 
RESULT: PGM,16,76.4377,4604520,5122075475,BinarySearch
RESULT:   PGM,       4,     0.01, 273.57,       252.66,      1.79,       1.48,          0.25,     111.48,        0.01,      72.11,             0.15,       18.80,              0.09,       0.00,             -nan, 100000, 0.92, 1.01, 2.45 
RESULT: PGM,4,88.6205,45559200,6400467193,BinarySearch
RESULT:   PGM,       8,     0.01, 198.31,       222.45,      1.70,       1.46,          0.24,      80.78,        0.00,      59.25,             0.01,       10.98,              0.03,       0.00,             -nan, 100000, 1.12, 1.01, 2.45 
RESULT: PGM,8,74.8279,14269300,5651441953,BinarySearch
RESULT:   PGM,      32,     0.01, 245.55,       249.54,      1.79,       1.49,          0.29,      96.14,        0.01,      67.24,             0.14,       17.89,              0.09,       0.02,             -nan, 100000, 1.02, 1.01, 2.55 
RESULT: PGM,32,75.5502,1721860,4811447497,BinarySearch
RESULT:   PGM,      64,     0.01, 207.40,       252.41,      1.70,       1.46,          0.23,      84.49,        0.00,      62.20,             0.01,       10.99,              0.03,       0.00,             -nan, 100000, 1.22, 1.01, 2.45 
RESULT: PGM,64,78.5533,754740,4730668720,BinarySearch
RESULT:   PGM,     256,     0.01, 213.64,       272.35,      1.70,       1.47,          0.30,      87.03,        0.00,      64.19,             0.01,       10.99,              0.03,       0.02,             -nan, 100000, 1.27, 1.01, 2.45 
RESULT: PGM,256,81.0694,222580,4847479681,BinarySearch
RESULT:   PGM,    1024,     0.01, 188.42,       274.04,      1.70,       1.46,          0.30,      80.04,        0.00,      60.20,             0.01,       10.99,              0.03,       0.01,             -nan, 100000, 1.45, 1.01, 2.35 
RESULT: PGM,1024,73.8926,89600,5296941835,BinarySearch
RESULT:   PGM,    2048,     0.01, 188.02,       284.37,      1.70,       1.46,          0.23,      76.62,        0.00,      61.18,             0.01,       10.97,              0.03,       0.00,             -nan, 100000, 1.51, 1.01, 2.45 
RESULT: PGM,2048,70.8325,54380,5412422051,BinarySearch
RESULT:   PGM,    4096,     0.01, 185.94,       284.37,      1.70,       1.46,          0.23,      75.80,        0.00,      58.18,             0.01,        9.97,              0.03,       0.00,             -nan, 100000, 1.53, 1.01, 2.45 
RESULT: PGM,4096,69.799,38680,5726383691,BinarySearch
RESULT:   PGM,    8192,     0.01, 191.27,       306.70,      1.70,       1.46,          0.23,      81.24,        0.00,      63.19,             0.01,       10.98,              0.03,       0.00,             -nan, 100000, 1.60, 1.01, 2.35 
RESULT: PGM,8192,75.1363,19940,5345189217,BinarySearch
RESULT: PGMCacheL (0, 0.000000, 0),      16,     0.00,  30.76,        13.07,      1.48,       1.46,          0.05,      12.95,        0.00,       4.13,             0.01,        7.10,              0.03,       -nan,             -nan, 100000, 0.42, 1.08, 2.38 
RESULT: PGMCacheL (0, 0.000000, 0),       4,     0.00,  30.57,        12.84,      1.48,       1.46,          0.05,      12.87,        0.00,       4.07,             0.01,        7.08,              0.03,       -nan,             -nan, 100000, 0.42, 1.08, 2.37 
RESULT: PGMCacheL (0, 0.000000, 0),       8,     0.00,  30.58,        12.85,      1.48,       1.46,          0.05,      12.88,        0.00,       4.07,             0.01,        7.07,              0.03,       -nan,             -nan, 100000, 0.42, 1.08, 2.37 
RESULT: PGMCacheL (0, 0.000000, 0),      32,     0.00,  30.81,        12.83,      1.48,       1.46,          0.04,      12.96,        0.00,       4.06,             0.01,        7.07,              0.03,       -nan,             -nan, 100000, 0.42, 1.08, 2.38 
RESULT: PGMCacheL (0, 0.000000, 0),      64,     0.00,  30.58,        12.87,      1.48,       1.46,          0.05,      12.89,        0.00,       4.07,             0.01,        7.08,              0.03,       -nan,             -nan, 100000, 0.42, 1.08, 2.37 
RESULT: PGMCacheL (0, 0.000000, 0),     256,     0.00,  31.12,        12.83,      1.48,       1.46,          0.05,      13.10,        0.00,       4.06,             0.01,        7.07,              0.03,       -nan,             -nan, 100000, 0.41, 1.08, 2.38 
RESULT: PGMCacheL (0, 0.000000, 0),    1024,     0.00,  30.65,        12.79,      1.48,       1.46,          0.04,      12.92,        0.00,       4.05,             0.01,        7.06,              0.03,       -nan,             -nan, 100000, 0.42, 1.08, 2.37 
RESULT: PGMCacheL (0, 0.000000, 0),    2048,     0.00,  30.66,        12.87,      1.48,       1.46,          0.04,      12.91,        0.00,       4.06,             0.01,        7.08,              0.03,       -nan,             -nan, 100000, 0.42, 1.08, 2.38 
RESULT: PGMCacheL (0, 0.000000, 0),    4096,     0.00,  30.46,        12.81,      1.48,       1.46,          0.05,      12.84,        0.00,       4.05,             0.01,        7.06,              0.03,       -nan,             -nan, 100000, 0.42, 1.08, 2.37 
RESULT: PGMCacheL (0, 0.000000, 0),    8192,     0.00,  31.10,        12.86,      1.48,       1.46,          0.05,      13.10,        0.00,       4.06,             0.01,        7.07,              0.03,       -nan,             -nan, 100000, 0.41, 1.08, 2.37 
RESULT: PGMCacheR (0, 0.000000, 0),      16,     0.00,  30.43,        12.94,      1.48,       1.45,          0.05,      13.36,        0.00,       4.09,             0.01,        7.08,              0.03,       -nan,             -nan, 100000, 0.43, 1.08, 2.28 
RESULT: PGMCacheR (0, 0.000000, 0),       4,     0.00,  31.01,        12.92,      1.48,       1.46,          0.05,      13.05,        0.00,       4.08,             0.01,        7.08,              0.03,       -nan,             -nan, 100000, 0.42, 1.08, 2.38 
RESULT: PGMCacheR (0, 0.000000, 0),       8,     0.00,  30.80,        12.80,      1.48,       1.45,          0.04,      12.97,        0.00,       4.05,             0.01,        7.07,              0.03,       -nan,             -nan, 100000, 0.42, 1.08, 2.37 
RESULT: PGMCacheR (0, 0.000000, 0),      32,     0.00,  30.77,        12.85,      1.48,       1.46,          0.05,      12.96,        0.00,       4.06,             0.01,        7.07,              0.03,       -nan,             -nan, 100000, 0.42, 1.08, 2.37 
RESULT: PGMCacheR (0, 0.000000, 0),      64,     0.00,  34.25,        12.87,      1.48,       1.46,          0.05,      11.32,        0.00,       4.07,             0.01,        7.08,              0.03,       -nan,             -nan, 100000, 0.38, 1.10, 3.02 
RESULT: PGMCacheR (0, 0.000000, 0),     256,     0.00,  30.36,        12.86,      1.48,       1.46,          0.05,      13.33,        0.00,       4.06,             0.01,        7.07,              0.03,       -nan,             -nan, 100000, 0.42, 1.08, 2.28 
RESULT: PGMCacheR (0, 0.000000, 0),    1024,     0.00,  30.29,        12.84,      1.48,       1.46,          0.04,      12.77,        0.00,       4.05,             0.01,        7.07,              0.03,       -nan,             -nan, 100000, 0.42, 1.09, 2.37 
RESULT: PGMCacheR (0, 0.000000, 0),    2048,     0.00,  29.89,        12.84,      1.48,       1.46,          0.04,      13.22,        0.00,       4.06,             0.01,        7.07,              0.03,       -nan,             -nan, 100000, 0.43, 1.09, 2.26 
RESULT: PGMCacheR (0, 0.000000, 0),    4096,     0.00,  31.03,        12.92,      1.48,       1.46,          0.05,      13.06,        0.00,       4.08,             0.01,        7.08,              0.03,       -nan,             -nan, 100000, 0.42, 1.08, 2.38 
RESULT: PGMCacheR (0, 0.000000, 0),    8192,     0.00,  30.15,        12.85,      1.48,       1.46,          0.04,      12.71,        0.00,       4.05,             0.01,        7.07,              0.03,       -nan,             -nan, 100000, 0.43, 1.08, 2.37 
