Repeating lookup code 1 time(s).
Using 1 thread(s).
read 200000000 values from ./data/wiki_ts_200M_uint64 in 767 ms (260.756 M values/s)
data contains duplicates
read 50000 values from ./data/wiki_ts_200M_uint64_equality_lookups_zipf_50K_3 in 4 ms (12.5 M values/s)
index, variant, time sec, cycles, instructions, L1-misses, LLC-misses, branch-misses, task-clock, page-faults, DTLB-loads, DTLB-load-misses, DTLB-stores, DTLB-store-misses, ITLB_loads, ITLB_load-misses, scale,  IPC, CPUs,  GHz 
RESULT:   PGM,      16,     0.01, 391.09,       330.64,      3.44,       2.95,          0.35,     159.28,        0.04,      89.08,             0.51,       49.25,              0.31,       0.00,             -nan, 50000, 0.85, 1.01, 2.46 
RESULT: PGM,16,78.8549,4604520,5112421476,BinarySearch
RESULT:   PGM,       4,     0.01, 334.65,       295.59,      3.31,       2.96,          0.30,     136.34,        0.02,      79.26,             0.27,       32.59,              0.19,       0.00,             -nan, 50000, 0.88, 1.01, 2.45 
RESULT: PGM,4,90.5284,45559200,6395873674,BinarySearch
RESULT:   PGM,       8,     0.00, 217.63,       224.10,      3.15,       2.91,          0.27,      88.71,        0.00,      59.57,             0.02,       16.94,              0.05,       0.00,             -nan, 50000, 1.03, 1.02, 2.45 
RESULT: PGM,8,76.7496,14269300,5647766620,BinarySearch
RESULT:   PGM,      32,     0.01, 304.22,       286.28,      3.29,       2.96,          0.34,     119.12,        0.02,      73.70,             0.24,       30.78,              0.17,       0.02,             -nan, 50000, 0.94, 1.02, 2.55 
RESULT: PGM,32,78.4521,1721860,4807311919,BinarySearch
RESULT:   PGM,      64,     0.00, 234.37,       256.48,      3.15,       2.92,          0.26,      95.51,        0.00,      62.51,             0.02,       16.94,              0.05,       0.00,             -nan, 50000, 1.09, 1.02, 2.45 
RESULT: PGM,64,83.5904,754740,4719656211,BinarySearch
RESULT:   PGM,     256,     0.00, 235.81,       278.47,      3.15,       2.92,          0.34,      96.11,        0.00,      64.51,             0.02,       16.94,              0.05,       0.10,             -nan, 50000, 1.18, 1.02, 2.45 
RESULT: PGM,256,84.1555,222580,4842030003,BinarySearch
RESULT:   PGM,    1024,     0.00, 207.26,       274.45,      3.15,       2.92,          0.33,      84.50,        0.00,      60.51,             0.02,       16.94,              0.05,       0.02,             -nan, 50000, 1.32, 1.02, 2.45 
RESULT: PGM,1024,72.5709,89600,5273313374,BinarySearch
RESULT:   PGM,    2048,     0.00, 206.47,       285.46,      3.15,       2.91,          0.26,      84.15,        0.00,      61.51,             0.02,       16.94,              0.05,       0.00,             -nan, 50000, 1.38, 1.02, 2.45 
RESULT: PGM,2048,72.5573,54380,5381331959,BinarySearch
RESULT:   PGM,    4096,     0.00, 204.60,       285.45,      3.15,       2.92,          0.26,      83.37,        0.00,      58.51,             0.02,       15.94,              0.05,       0.00,             -nan, 50000, 1.40, 1.02, 2.45 
RESULT: PGM,4096,71.4035,38680,5713980675,BinarySearch
RESULT:   PGM,    8192,     0.00, 210.62,       307.46,      3.15,       2.92,          0.26,      85.86,        0.00,      63.51,             0.02,       16.94,              0.05,       0.00,             -nan, 50000, 1.46, 1.02, 2.45 
RESULT: PGM,8192,73.9107,19940,5334892975,BinarySearch
RESULT: PGMCacheL (0, 0.000000, 0),      16,     0.00, 171.21,       157.88,      3.17,       2.92,          0.08,      69.90,        0.00,      53.04,             0.02,       27.05,              0.05,       -nan,             -nan, 50000, 0.92, 1.03, 2.45 
RESULT: PGMCacheL (49956, 0.000000, 50000),16,58.274,4604520,5127592069,BinarySearch
RESULT: PGMCacheL (0, 0.000000, 0),       4,     0.00, 163.39,       157.43,      3.16,       2.91,          0.08,      66.76,        0.00,      52.93,             0.02,       26.97,              0.05,       -nan,             -nan, 50000, 0.96, 1.03, 2.45 
RESULT: PGMCacheL (49956, 0.000000, 50000),4,55.0909,45559200,6433862374,BinarySearch
RESULT: PGMCacheL (0, 0.000000, 0),       8,     0.00, 164.68,       157.25,      3.15,       2.91,          0.08,      67.30,        0.00,      52.88,             0.02,       26.95,              0.05,       -nan,             -nan, 50000, 0.95, 1.03, 2.45 
RESULT: PGMCacheL (49956, 0.000000, 50000),8,55.5008,14269300,5643307455,BinarySearch
RESULT: PGMCacheL (0, 0.000000, 0),      32,     0.00, 163.37,       157.26,      3.15,       2.91,          0.08,      66.75,        0.00,      52.88,             0.02,       26.95,              0.05,       -nan,             -nan, 50000, 0.96, 1.03, 2.45 
RESULT: PGMCacheL (49956, 0.000000, 50000),32,54.7256,1721860,4815968890,BinarySearch
RESULT: PGMCacheL (0, 0.000000, 0),      64,     0.00, 169.20,       157.28,      3.15,       2.91,          0.08,      69.07,        0.00,      52.88,             0.02,       26.95,              0.05,       -nan,             -nan, 50000, 0.93, 1.03, 2.45 
RESULT: PGMCacheL (49956, 0.000000, 50000),64,57.4427,754740,4731432217,BinarySearch
RESULT: PGMCacheL (0, 0.000000, 0),     256,     0.00, 163.37,       157.42,      3.16,       2.91,          0.08,      66.74,        0.00,      52.92,             0.02,       26.96,              0.05,       -nan,             -nan, 50000, 0.96, 1.03, 2.45 
RESULT: PGMCacheL (49956, 0.000000, 50000),256,54.888,222580,4846502975,BinarySearch
RESULT: PGMCacheL (0, 0.000000, 0),    1024,     0.00, 171.27,       157.30,      3.15,       2.91,          0.08,      63.78,        0.00,      52.88,             0.02,       26.95,              0.06,       -nan,             -nan, 50000, 0.92, 1.03, 2.69 
RESULT: PGMCacheL (49956, 0.000000, 50000),1024,52.744,89600,5285190958,BinarySearch
RESULT: PGMCacheL (0, 0.000000, 0),    2048,     0.00, 165.96,       157.38,      3.16,       2.92,          0.08,      67.79,        0.00,      52.91,             0.02,       26.97,              0.05,       -nan,             -nan, 50000, 0.95, 1.03, 2.45 
RESULT: PGMCacheL (49956, 0.000000, 50000),2048,55.7744,54380,5394503428,BinarySearch
RESULT: PGMCacheL (0, 0.000000, 0),    4096,     0.00, 165.18,       157.57,      3.16,       2.91,          0.08,      67.49,        0.00,      52.94,             0.02,       26.99,              0.05,       -nan,             -nan, 50000, 0.95, 1.03, 2.45 
RESULT: PGMCacheL (49956, 0.000000, 50000),4096,55.8368,38680,5735795214,BinarySearch
RESULT: PGMCacheL (0, 0.000000, 0),    8192,     0.00, 163.42,       157.49,      3.16,       2.91,          0.08,      66.78,        0.00,      52.90,             0.02,       26.97,              0.05,       -nan,             -nan, 50000, 0.96, 1.03, 2.45 
RESULT: PGMCacheL (49956, 0.000000, 50000),8192,54.8139,19940,5343314580,BinarySearch
RESULT: PGMCacheR (0, 0.000000, 0),      16,     0.00, 166.19,       157.67,      3.16,       2.91,          0.08,      67.86,        0.00,      52.98,             0.02,       27.01,              0.05,       -nan,             -nan, 50000, 0.95, 1.03, 2.45 
RESULT: PGMCacheR (49956, 0.000000, 50000),16,55.8704,4604520,5127441122,BinarySearch
RESULT: PGMCacheR (0, 0.000000, 0),       4,     0.00, 163.82,       157.41,      3.15,       2.90,          0.08,      66.93,        0.00,      52.90,             0.02,       26.97,              0.05,       -nan,             -nan, 50000, 0.96, 1.03, 2.45 
RESULT: PGMCacheR (49956, 0.000000, 50000),4,54.7632,45559200,6434527113,BinarySearch
RESULT: PGMCacheR (0, 0.000000, 0),       8,     0.00, 165.71,       157.40,      3.16,       2.90,          0.08,      67.69,        0.00,      52.90,             0.02,       26.97,              0.05,       -nan,             -nan, 50000, 0.95, 1.03, 2.45 
RESULT: PGMCacheR (49956, 0.000000, 50000),8,55.7322,14269300,5643896760,BinarySearch
RESULT: PGMCacheR (0, 0.000000, 0),      32,     0.00, 164.04,       157.41,      3.16,       2.91,          0.08,      67.02,        0.00,      52.90,             0.02,       26.97,              0.05,       -nan,             -nan, 50000, 0.96, 1.03, 2.45 
RESULT: PGMCacheR (49956, 0.000000, 50000),32,55.0602,1721860,4815176644,BinarySearch
RESULT: PGMCacheR (0, 0.000000, 0),      64,     0.00, 165.64,       157.54,      3.16,       2.91,          0.08,      67.65,        0.00,      52.94,             0.02,       26.99,              0.05,       -nan,             -nan, 50000, 0.95, 1.03, 2.45 
RESULT: PGMCacheR (49956, 0.000000, 50000),64,55.672,754740,4731171363,BinarySearch
RESULT: PGMCacheR (0, 0.000000, 0),     256,     0.00, 164.02,       157.57,      3.16,       2.91,          0.08,      67.00,        0.00,      52.94,             0.02,       26.99,              0.05,       -nan,             -nan, 50000, 0.96, 1.03, 2.45 
RESULT: PGMCacheR (49956, 0.000000, 50000),256,55.0845,222580,4845778142,BinarySearch
RESULT: PGMCacheR (0, 0.000000, 0),    1024,     0.00, 163.86,       157.42,      3.16,       2.90,          0.08,      64.36,        0.00,      52.89,             0.02,       26.97,              0.05,       -nan,             -nan, 50000, 0.96, 1.03, 2.55 
RESULT: PGMCacheR (49956, 0.000000, 50000),1024,52.9462,89600,5276263505,BinarySearch
RESULT: PGMCacheR (0, 0.000000, 0),    2048,     0.00, 164.26,       157.46,      3.16,       2.91,          0.08,      67.11,        0.00,      52.90,             0.02,       26.97,              0.05,       -nan,             -nan, 50000, 0.96, 1.03, 2.45 
RESULT: PGMCacheR (49956, 0.000000, 50000),2048,55.5049,54380,5394507296,BinarySearch
RESULT: PGMCacheR (0, 0.000000, 0),    4096,     0.00, 165.19,       157.44,      3.16,       2.90,          0.08,      67.47,        0.00,      52.90,             0.02,       26.97,              0.05,       -nan,             -nan, 50000, 0.95, 1.03, 2.45 
RESULT: PGMCacheR (49956, 0.000000, 50000),4096,55.5595,38680,5733132469,BinarySearch
RESULT: PGMCacheR (0, 0.000000, 0),    8192,     0.00, 161.52,       157.45,      3.16,       2.90,          0.08,      68.76,        0.00,      52.90,             0.02,       26.97,              0.05,       -nan,             -nan, 50000, 0.97, 1.03, 2.35 
RESULT: PGMCacheR (49956, 0.000000, 50000),8192,56.9326,19940,5340907315,BinarySearch
