Repeating lookup code 1 time(s).
Using 1 thread(s).
read 200000000 values from ./data/wiki_ts_200M_uint64 in 766 ms (261.097 M values/s)
data contains duplicates
read 1000 values from ./data/wiki_ts_200M_uint64_equality_lookups_zipf_1K_2 in 15 ms (0.0666667 M values/s)
index, variant, time sec,   cycles, instructions, L1-misses, LLC-misses, branch-misses, task-clock, page-faults, DTLB-loads, DTLB-load-misses, DTLB-stores, DTLB-store-misses, ITLB_loads, ITLB_load-misses, scale,  IPC, CPUs,  GHz 
RESULT:   PGM,      16,     0.00, 10567.97,      5157.24,    159.69,     146.93,          7.93,    4307.72,        2.21,    1528.75,            25.32,     2218.38,             15.42,       0.17,             -nan,  1000, 0.49, 1.02, 2.45 
RESULT: PGM,16,281.62,4604520,5117389790,BinarySearch
RESULT:   PGM,       4,     0.00, 6143.82,      2634.77,    152.62,     146.85,          4.91,    2525.69,        1.07,     779.39,            13.04,     1382.96,              9.44,       -nan,             -nan,  1000, 0.43, 1.04, 2.43 
RESULT: PGM,4,235.181,45559200,6392328748,BinarySearch
RESULT:   PGM,       8,     0.00, 1888.44,       335.59,    144.92,     144.76,          3.09,     818.19,        0.00,      92.53,             0.68,      601.41,              2.69,       -nan,             -nan,  1000, 0.18, 1.14, 2.31 
RESULT: PGM,8,220.97,14269300,5646961056,BinarySearch
RESULT:   PGM,      32,     0.00, 4460.78,      1754.36,    149.65,     146.05,          4.23,    1852.25,        0.66,     512.93,             8.23,     1080.87,              6.87,       -nan,             -nan,  1000, 0.39, 1.06, 2.41 
RESULT: PGM,32,218.086,1721860,4806162230,BinarySearch
RESULT:   PGM,      64,     0.00, 1874.58,       361.42,    144.87,     144.58,          3.03,     814.00,        0.00,      93.57,             0.65,      600.75,              2.64,       -nan,             -nan,  1000, 0.19, 1.14, 2.30 
RESULT: PGM,64,215.292,754740,4719855126,BinarySearch
RESULT:   PGM,     256,     0.00, 1893.35,       381.55,    144.85,     144.65,          3.23,     820.34,        0.00,      95.27,             0.67,      600.52,              2.65,       -nan,             -nan,  1000, 0.20, 1.14, 2.31 
RESULT: PGM,256,224.995,222580,4843232215,BinarySearch
RESULT:   PGM,    1024,     0.00, 1825.99,       377.91,    144.85,     144.81,          3.14,     794.74,        0.00,      91.38,             0.66,      600.65,              2.63,       -nan,             -nan,  1000, 0.21, 1.14, 2.30 
RESULT: PGM,1024,208.506,89600,5287742416,BinarySearch
RESULT:   PGM,    2048,     0.00, 1834.59,       388.52,    144.88,     144.80,          3.16,     798.14,        0.00,      92.28,             0.67,      600.54,              2.64,       -nan,             -nan,  1000, 0.21, 1.14, 2.30 
RESULT: PGM,2048,211.644,54380,5385835066,BinarySearch
RESULT:   PGM,    4096,     0.00, 1881.09,       388.74,    144.80,     144.68,          3.08,     816.17,        0.00,      89.30,             0.68,      599.54,              2.68,       -nan,             -nan,  1000, 0.21, 1.14, 2.30 
RESULT: PGM,4096,217.705,38680,5716142961,BinarySearch
RESULT:   PGM,    8192,     0.00, 1823.17,       410.52,    144.82,     144.82,          3.07,     793.02,        0.00,      94.25,             0.67,      600.48,              2.67,       -nan,             -nan,  1000, 0.23, 1.14, 2.30 
RESULT: PGM,8192,213.664,19940,5335975665,BinarySearch
RESULT: PGMCacheL (0, 0.000000, 0),      16,     0.00, 10382.45,      4957.19,    160.14,     147.94,          6.58,    4231.95,        2.17,    1488.48,            24.91,     2193.74,             15.90,       0.20,             -nan,  1000, 0.48, 1.02, 2.45 
RESULT: PGMCacheL (956, 0.000000, 1000),16,222.467,4604520,5126698491,BinarySearch
RESULT: PGMCacheL (0, 0.000000, 0),       4,     0.00, 1856.27,       283.30,    144.88,     144.90,          2.87,     805.96,        0.00,      88.92,             0.72,      612.27,              2.69,       -nan,             -nan,  1000, 0.15, 1.14, 2.30 
RESULT: PGMCacheL (956, 0.000000, 1000),4,209.202,45559200,6435117629,BinarySearch
RESULT: PGMCacheL (0, 0.000000, 0),       8,     0.00, 1854.11,       283.98,    144.91,     144.81,          2.91,     806.09,        0.00,      88.96,             0.73,      612.50,              2.70,       -nan,             -nan,  1000, 0.15, 1.14, 2.30 
RESULT: PGMCacheL (956, 0.000000, 1000),8,208.973,14269300,5647699658,BinarySearch
RESULT: PGMCacheL (0, 0.000000, 0),      32,     0.00, 1810.82,       282.99,    144.95,     144.84,          2.86,     787.47,        0.00,      88.75,             0.72,      612.29,              2.71,       -nan,             -nan,  1000, 0.16, 1.14, 2.30 
RESULT: PGMCacheL (956, 0.000000, 1000),32,206.695,1721860,4824167552,BinarySearch
RESULT: PGMCacheL (0, 0.000000, 0),      64,     0.00, 1965.40,       290.02,    145.03,     145.03,          3.07,     787.68,        0.00,      90.81,             0.77,      613.21,              2.71,       -nan,             -nan,  1000, 0.15, 1.13, 2.50 
RESULT: PGMCacheL (956, 0.000000, 1000),64,206.138,754740,4731408020,BinarySearch
RESULT: PGMCacheL (0, 0.000000, 0),     256,     0.00, 1982.05,       290.84,    145.09,     145.09,          3.08,     793.55,        0.00,      90.89,             0.74,      613.24,              2.68,       -nan,             -nan,  1000, 0.15, 1.13, 2.50 
RESULT: PGMCacheL (956, 0.000000, 1000),256,210.015,222580,4848941676,BinarySearch
RESULT: PGMCacheL (0, 0.000000, 0),    1024,     0.00, 1847.16,       284.08,    144.93,     144.82,          2.94,     801.79,        0.00,      88.68,             0.74,      612.29,              2.69,       -nan,             -nan,  1000, 0.15, 1.14, 2.30 
RESULT: PGMCacheL (956, 0.000000, 1000),1024,207.332,89600,5275695069,BinarySearch
RESULT: PGMCacheL (0, 0.000000, 0),    2048,     0.00, 1902.35,       288.73,    145.25,     145.28,          3.12,     825.15,        0.00,      89.94,             0.75,      613.35,              2.74,       -nan,             -nan,  1000, 0.15, 1.14, 2.31 
RESULT: PGMCacheL (956, 0.000000, 1000),2048,221.364,54380,5397043831,BinarySearch
RESULT: PGMCacheL (0, 0.000000, 0),    4096,     0.00, 1864.52,       292.44,    144.97,     144.95,          3.01,     810.41,        0.00,      89.70,             0.73,      613.57,              2.70,       -nan,             -nan,  1000, 0.16, 1.14, 2.30 
RESULT: PGMCacheL (956, 0.000000, 1000),4096,209.663,38680,5734606464,BinarySearch
RESULT: PGMCacheL (0, 0.000000, 0),    8192,     0.00, 1846.73,       292.71,    145.02,     144.85,          2.97,     802.60,        0.00,      89.66,             0.72,      613.45,              2.67,       -nan,             -nan,  1000, 0.16, 1.14, 2.30 
RESULT: PGMCacheL (956, 0.000000, 1000),8192,211.737,19940,5342868976,BinarySearch
RESULT: PGMCacheR (0, 0.000000, 0),      16,     0.00, 10409.81,      4934.32,    160.84,     148.16,          6.50,    4241.42,        2.17,    1482.69,            24.94,     2189.21,             16.23,       0.31,             -nan,  1000, 0.47, 1.02, 2.45 
RESULT: PGMCacheR (956, 0.000000, 1000),16,214.929,4604520,5122039680,BinarySearch
RESULT: PGMCacheR (0, 0.000000, 0),       4,     0.00, 1899.73,       290.26,    144.91,     144.83,          2.90,     791.78,        0.00,      89.75,             0.71,      613.40,              2.72,       -nan,             -nan,  1000, 0.15, 1.14, 2.40 
RESULT: PGMCacheR (956, 0.000000, 1000),4,203.71,45559200,6429136681,BinarySearch
RESULT: PGMCacheR (0, 0.000000, 0),       8,     0.00, 1865.61,       290.04,    144.93,     144.79,          2.92,     809.63,        0.00,      89.67,             0.73,      613.54,              2.69,       -nan,             -nan,  1000, 0.16, 1.14, 2.30 
RESULT: PGMCacheR (956, 0.000000, 1000),8,212.063,14269300,5642655965,BinarySearch
RESULT: PGMCacheR (0, 0.000000, 0),      32,     0.00, 1816.51,       290.19,    144.95,     144.91,          2.88,     790.71,        0.00,      89.63,             0.72,      613.50,              2.71,       -nan,             -nan,  1000, 0.16, 1.14, 2.30 
RESULT: PGMCacheR (956, 0.000000, 1000),32,207.718,1721860,4818530468,BinarySearch
RESULT: PGMCacheR (0, 0.000000, 0),      64,     0.00, 1883.69,       297.23,    145.07,     145.12,          3.11,     816.72,        0.00,      91.69,             0.74,      614.41,              2.71,       -nan,             -nan,  1000, 0.16, 1.14, 2.31 
RESULT: PGMCacheR (956, 0.000000, 1000),64,221.033,754740,4734313187,BinarySearch
RESULT: PGMCacheR (0, 0.000000, 0),     256,     0.00, 1924.84,       298.22,    145.11,     145.14,          3.11,     801.50,        0.00,      91.78,             0.75,      614.41,              2.67,       -nan,             -nan,  1000, 0.15, 1.14, 2.40 
RESULT: PGMCacheR (956, 0.000000, 1000),256,213.381,222580,4846583342,BinarySearch
RESULT: PGMCacheR (0, 0.000000, 0),    1024,     0.00, 1854.14,       291.44,    144.95,     144.82,          2.96,     804.88,        0.00,      89.57,             0.73,      613.49,              2.69,       -nan,             -nan,  1000, 0.16, 1.14, 2.30 
RESULT: PGMCacheR (956, 0.000000, 1000),1024,208.714,89600,5275929210,BinarySearch
RESULT: PGMCacheR (0, 0.000000, 0),    2048,     0.00, 1862.34,       292.14,    144.96,     144.96,          2.99,     807.88,        0.00,      89.70,             0.71,      613.59,              2.70,       -nan,             -nan,  1000, 0.16, 1.14, 2.31 
RESULT: PGMCacheR (956, 0.000000, 1000),2048,210.735,54380,5398275335,BinarySearch
RESULT: PGMCacheR (0, 0.000000, 0),    4096,     0.00, 1899.36,       341.49,    145.02,     145.00,          3.01,     824.08,        0.00,      98.79,             0.72,      617.32,              2.71,       -nan,             -nan,  1000, 0.18, 1.14, 2.30 
RESULT: PGMCacheR (956, 0.000000, 1000),4096,223.49,38680,5734064415,BinarySearch
RESULT: PGMCacheR (0, 0.000000, 0),    8192,     0.00, 1853.80,       292.07,    145.00,     144.83,          2.96,     805.27,        0.00,      89.52,             0.72,      613.35,              2.69,       -nan,             -nan,  1000, 0.16, 1.14, 2.30 
RESULT: PGMCacheR (956, 0.000000, 1000),8192,208.995,19940,5342801519,BinarySearch
