Repeating lookup code 1 time(s).
Using 1 thread(s).
read 200000000 values from ./data/wiki_ts_200M_uint64 in 777 ms (257.4 M values/s)
data contains duplicates
read 10000 values from ./data/wiki_ts_200M_uint64_equality_lookups_zipf_10K_2 in 0 ms (inf M values/s)
index, variant, time sec,  cycles, instructions, L1-misses, LLC-misses, branch-misses, task-clock, page-faults, DTLB-loads, DTLB-load-misses, DTLB-stores, DTLB-store-misses, ITLB_loads, ITLB_load-misses, scale,  IPC, CPUs,  GHz 
RESULT:   PGM,      16,     0.00, 1247.49,       719.34,     16.74,      14.80,          1.34,     508.27,        0.22,     205.83,             2.84,      226.03,              1.56,       0.01,             -nan, 10000, 0.58, 1.02, 2.45 
RESULT: PGM,16,100.117,4604520,5125741709,BinarySearch
RESULT:   PGM,       4,     0.00, 832.39,       485.66,     15.56,      14.70,          1.05,     314.73,        0.11,     136.35,             1.44,      142.73,              0.94,       -nan,             -nan, 10000, 0.58, 1.03, 2.64 
RESULT: PGM,4,99.7736,45559200,6398615289,BinarySearch
RESULT:   PGM,       8,     0.00, 364.51,       231.98,     14.73,      14.50,          0.89,     152.33,        0.00,      61.99,             0.07,       64.55,              0.27,       -nan,             -nan, 10000, 0.64, 1.07, 2.39 
RESULT: PGM,8,92.6329,14269300,5656346680,BinarySearch
RESULT:   PGM,      32,     0.00, 745.42,       454.88,     15.52,      14.65,          1.06,     331.50,        0.10,     124.46,             1.31,      133.65,              0.86,       -nan,             -nan, 10000, 0.61, 1.03, 2.25 
RESULT: PGM,32,104.273,1721860,4813980787,BinarySearch
RESULT:   PGM,      64,     0.00, 379.93,       262.83,     14.74,      14.51,          0.89,     152.45,        0.00,      64.78,             0.07,       64.55,              0.26,       -nan,             -nan, 10000, 0.69, 1.07, 2.49 
RESULT: PGM,64,93.4046,754740,4729576942,BinarySearch
RESULT:   PGM,     256,     0.00, 384.19,       284.57,     14.75,      14.52,          0.98,     160.15,        0.00,      66.75,             0.07,       64.55,              0.26,       -nan,             -nan, 10000, 0.74, 1.07, 2.40 
RESULT: PGM,256,100.123,222580,4849415350,BinarySearch
RESULT:   PGM,    1024,     0.00, 355.27,       280.57,     14.76,      14.52,          0.98,     148.62,        0.00,      62.76,             0.07,       64.56,              0.26,       -nan,             -nan, 10000, 0.79, 1.07, 2.39 
RESULT: PGM,1024,88.3601,89600,5276558499,BinarySearch
RESULT:   PGM,    2048,     0.00, 362.74,       292.11,     14.77,      14.54,          0.94,     140.48,        0.00,      63.93,             0.08,       64.63,              0.27,       -nan,             -nan, 10000, 0.81, 1.07, 2.58 
RESULT: PGM,2048,83.7416,54380,5386250709,BinarySearch
RESULT:   PGM,    4096,     0.00, 352.11,       291.68,     14.76,      14.52,          0.92,     147.42,        0.00,      60.77,             0.07,       63.57,              0.27,       -nan,             -nan, 10000, 0.83, 1.07, 2.39 
RESULT: PGM,4096,87.3158,38680,5725538854,BinarySearch
RESULT:   PGM,    8192,     0.00, 359.75,       313.42,     14.76,      14.52,          0.93,     150.37,        0.00,      65.73,             0.07,       64.54,              0.27,       -nan,             -nan, 10000, 0.87, 1.07, 2.39 
RESULT: PGM,8192,89.8866,19940,5343455347,BinarySearch
RESULT: PGMCacheL (0, 0.000000, 0),      16,     0.00, 212.61,        34.67,     14.78,      14.63,          0.43,      91.53,        0.00,      10.40,             0.13,       63.04,              0.28,       -nan,             -nan, 10000, 0.16, 1.12, 2.32 
RESULT: PGMCacheL (0, 0.000000, 0),       4,     0.00, 195.99,        30.50,     14.67,      14.54,          0.38,      84.80,        0.00,       9.24,             0.12,       62.43,              0.28,       -nan,             -nan, 10000, 0.16, 1.13, 2.31 
RESULT: PGMCacheL (0, 0.000000, 0),       8,     0.00, 196.68,        30.22,     14.65,      14.55,          0.38,      85.11,        0.00,       9.16,             0.12,       62.41,              0.28,       -nan,             -nan, 10000, 0.15, 1.13, 2.31 
RESULT: PGMCacheL (0, 0.000000, 0),      32,     0.00, 199.30,        30.02,     14.65,      14.54,          0.38,      86.12,        0.00,       9.09,             0.11,       62.37,              0.28,       -nan,             -nan, 10000, 0.15, 1.13, 2.31 
RESULT: PGMCacheL (0, 0.000000, 0),      64,     0.00, 199.21,        30.91,     14.67,      14.55,          0.39,      86.08,        0.00,       9.36,             0.12,       62.50,              0.27,       -nan,             -nan, 10000, 0.16, 1.13, 2.31 
RESULT: PGMCacheL (0, 0.000000, 0),     256,     0.00, 204.57,        30.55,     14.66,      14.56,          0.39,      88.31,        0.00,       9.25,             0.12,       62.43,              0.27,       -nan,             -nan, 10000, 0.15, 1.13, 2.32 
RESULT: PGMCacheL (0, 0.000000, 0),    1024,     0.00, 201.82,        30.50,     14.66,      14.54,          0.39,      87.17,        0.00,       9.19,             0.12,       62.42,              0.27,       -nan,             -nan, 10000, 0.15, 1.13, 2.32 
RESULT: PGMCacheL (0, 0.000000, 0),    2048,     0.00, 199.96,        30.54,     14.64,      14.55,          0.39,      86.35,        0.00,       9.13,             0.12,       62.43,              0.27,       -nan,             -nan, 10000, 0.15, 1.13, 2.32 
RESULT: PGMCacheL (0, 0.000000, 0),    4096,     0.00, 196.41,        30.64,     14.65,      14.54,          0.38,      84.98,        0.00,       9.22,             0.12,       62.38,              0.27,       -nan,             -nan, 10000, 0.16, 1.13, 2.31 
RESULT: PGMCacheL (0, 0.000000, 0),    8192,     0.00, 201.21,        30.37,     14.66,      14.53,          0.38,      86.99,        0.00,       9.16,             0.12,       62.39,              0.27,       -nan,             -nan, 10000, 0.15, 1.13, 2.31 
RESULT: PGMCacheR (0, 0.000000, 0),      16,     0.00, 205.65,        31.92,     14.68,      14.56,          0.40,      88.60,        0.00,       9.68,             0.12,       62.63,              0.28,       -nan,             -nan, 10000, 0.16, 1.13, 2.32 
RESULT: PGMCacheR (0, 0.000000, 0),       4,     0.00, 200.87,        30.14,     14.65,      14.54,          0.38,      86.78,        0.00,       9.15,             0.12,       62.39,              0.28,       -nan,             -nan, 10000, 0.15, 1.13, 2.31 
RESULT: PGMCacheR (0, 0.000000, 0),       8,     0.00, 204.46,        30.73,     14.66,      14.57,          0.39,      88.19,        0.00,       9.32,             0.12,       62.46,              0.28,       -nan,             -nan, 10000, 0.15, 1.13, 2.32 
RESULT: PGMCacheR (0, 0.000000, 0),      32,     0.00, 200.61,        30.16,     14.65,      14.54,          0.38,      86.59,        0.00,       9.14,             0.12,       62.38,              0.28,       -nan,             -nan, 10000, 0.15, 1.13, 2.32 
RESULT: PGMCacheR (0, 0.000000, 0),      64,     0.00, 204.03,        31.08,     14.67,      14.56,          0.40,      87.96,        0.00,       9.39,             0.12,       62.52,              0.27,       -nan,             -nan, 10000, 0.15, 1.13, 2.32 
RESULT: PGMCacheR (0, 0.000000, 0),     256,     0.00, 194.93,        30.19,     14.66,      14.52,          0.37,      87.81,        0.00,       9.13,             0.12,       62.39,              0.27,       -nan,             -nan, 10000, 0.15, 1.13, 2.22 
RESULT: PGMCacheR (0, 0.000000, 0),    1024,     0.00, 196.82,        30.28,     14.65,      14.54,          0.39,      85.19,        0.00,       9.14,             0.12,       62.35,              0.27,       -nan,             -nan, 10000, 0.15, 1.13, 2.31 
RESULT: PGMCacheR (0, 0.000000, 0),    2048,     0.00, 199.69,        29.76,     14.64,      14.54,          0.37,      83.06,        0.00,       8.99,             0.12,       62.31,              0.27,       -nan,             -nan, 10000, 0.15, 1.13, 2.40 
RESULT: PGMCacheR (0, 0.000000, 0),    4096,     0.00, 197.68,        31.67,     14.68,      14.51,          0.39,      85.61,        0.00,       9.53,             0.12,       62.59,              0.27,       -nan,             -nan, 10000, 0.16, 1.13, 2.31 
RESULT: PGMCacheR (0, 0.000000, 0),    8192,     0.00, 194.94,        30.08,     14.65,      14.55,          0.38,      84.37,        0.00,       9.07,             0.12,       62.35,              0.27,       -nan,             -nan, 10000, 0.15, 1.13, 2.31 
