Repeating lookup code 1 time(s).
Using 1 thread(s).
read 200000000 values from ./data/wiki_ts_200M_uint64 in 775 ms (258.065 M values/s)
data contains duplicates
read 500000 values from ./data/wiki_ts_200M_uint64_equality_lookups_zipf_500K_1 in 3 ms (166.667 M values/s)
index, variant, time sec, cycles, instructions, L1-misses, LLC-misses, branch-misses, task-clock, page-faults, DTLB-loads, DTLB-load-misses, DTLB-stores, DTLB-store-misses, ITLB_loads, ITLB_load-misses,  scale,  IPC, CPUs,  GHz 
RESULT:   PGM,      16,     0.04, 241.97,       246.95,      0.96,       0.40,          0.93,      78.20,        0.00,      62.13,             0.07,       10.19,              0.03,       0.01,             0.00, 500000, 1.02, 1.00, 3.09 
RESULT: PGM,16,70.0901,4604520,5123710883,BinarySearch
RESULT:   PGM,       4,     0.04, 264.78,       259.02,      0.90,       0.39,          0.91,      81.92,        0.00,      66.37,             0.04,        8.25,              0.02,       0.01,             0.00, 500000, 0.98, 1.00, 3.23 
RESULT: PGM,4,77.3264,45559200,6400559121,BinarySearch
RESULT:   PGM,       8,     0.03, 224.44,       230.71,      0.89,       0.40,          0.95,      68.02,        0.00,      58.78,             0.01,        6.24,              0.01,       0.02,             0.00, 500000, 1.03, 1.00, 3.30 
RESULT: PGM,8,66.8405,14269300,5651342455,BinarySearch
RESULT:   PGM,      32,     0.04, 242.95,       252.90,      0.91,       0.40,          1.05,      76.10,        0.00,      62.13,             0.04,        7.93,              0.02,       0.01,             0.00, 500000, 1.04, 1.00, 3.19 
RESULT: PGM,32,71.8996,1721860,4811389755,BinarySearch
RESULT:   PGM,      64,     0.04, 232.40,       259.51,      0.93,       0.40,          0.99,      73.54,        0.00,      61.42,             0.01,        6.28,              0.01,       0.01,             0.00, 500000, 1.12, 1.00, 3.16 
RESULT: PGM,64,72.355,754740,4722527572,BinarySearch
RESULT:   PGM,     256,     0.04, 241.65,       283.66,      0.98,       0.40,          1.05,      76.01,        0.00,      63.27,             0.01,        6.27,              0.01,       0.04,             0.00, 500000, 1.17, 1.00, 3.18 
RESULT: PGM,256,74.8247,222580,4846068695,BinarySearch
RESULT:   PGM,    1024,     0.03, 212.41,       278.58,      1.02,       0.42,          1.04,      68.17,        0.00,      58.70,             0.01,        6.23,              0.01,       0.02,             0.00, 500000, 1.31, 1.00, 3.12 
RESULT: PGM,1024,66.9866,89600,5281093784,BinarySearch
RESULT:   PGM,    2048,     0.03, 213.29,       287.99,      1.00,       0.43,          1.05,      67.96,        0.00,      60.65,             0.01,        6.25,              0.01,       0.01,             0.00, 500000, 1.35, 1.00, 3.14 
RESULT: PGM,2048,66.8125,54380,5385574923,BinarySearch
RESULT:   PGM,    4096,     0.03, 211.43,       289.84,      1.04,       0.44,          1.04,      67.99,        0.00,      56.68,             0.01,        5.24,              0.01,       0.02,             0.00, 500000, 1.37, 1.00, 3.11 
RESULT: PGM,4096,66.8217,38680,5724573591,BinarySearch
RESULT:   PGM,    8192,     0.03, 216.99,       312.11,      1.03,       0.44,          1.03,      69.47,        0.00,      61.68,             0.01,        6.24,              0.01,       0.01,             0.00, 500000, 1.44, 1.00, 3.12 
RESULT: PGM,8192,68.2862,19940,5345022133,BinarySearch
RESULT: PGMCacheL (0, 0.000000, 0),      16,     0.00,   3.93,         0.64,      0.29,       0.29,          0.01,       1.85,        0.00,       0.19,             0.00,        1.25,              0.01,       -nan,             -nan, 500000, 0.16, 1.13, 2.13 
RESULT: PGMCacheL (0, 0.000000, 0),       4,     0.00,   4.04,         0.57,      0.29,       0.29,          0.01,       1.62,        0.00,       0.17,             0.00,        1.24,              0.01,       -nan,             -nan, 500000, 0.14, 1.13, 2.50 
RESULT: PGMCacheL (0, 0.000000, 0),       8,     0.00,   3.99,         0.56,      0.29,       0.29,          0.01,       1.66,        0.00,       0.17,             0.00,        1.24,              0.01,       -nan,             -nan, 500000, 0.14, 1.13, 2.40 
RESULT: PGMCacheL (0, 0.000000, 0),      32,     0.00,   3.89,         0.55,      0.29,       0.29,          0.01,       1.68,        0.00,       0.16,             0.00,        1.24,              0.01,       -nan,             -nan, 500000, 0.14, 1.13, 2.31 
RESULT: PGMCacheL (0, 0.000000, 0),      64,     0.00,   3.88,         0.55,      0.29,       0.29,          0.01,       1.68,        0.00,       0.16,             0.00,        1.24,              0.01,       -nan,             -nan, 500000, 0.14, 1.14, 2.31 
RESULT: PGMCacheL (0, 0.000000, 0),     256,     0.00,   4.00,         0.59,      0.29,       0.29,          0.01,       1.73,        0.00,       0.17,             0.00,        1.25,              0.01,       -nan,             -nan, 500000, 0.15, 1.13, 2.31 
RESULT: PGMCacheL (0, 0.000000, 0),    1024,     0.00,   3.99,         0.57,      0.29,       0.29,          0.01,       1.72,        0.00,       0.17,             0.00,        1.24,              0.01,       -nan,             -nan, 500000, 0.14, 1.13, 2.31 
RESULT: PGMCacheL (0, 0.000000, 0),    2048,     0.00,   4.04,         0.59,      0.29,       0.29,          0.01,       1.75,        0.00,       0.17,             0.00,        1.25,              0.01,       -nan,             -nan, 500000, 0.15, 1.13, 2.31 
RESULT: PGMCacheL (0, 0.000000, 0),    4096,     0.00,   3.84,         0.59,      0.29,       0.29,          0.01,       1.73,        0.00,       0.17,             0.00,        1.25,              0.01,       -nan,             -nan, 500000, 0.15, 1.14, 2.21 
RESULT: PGMCacheL (0, 0.000000, 0),    8192,     0.00,   3.81,         0.56,      0.29,       0.29,          0.01,       1.72,        0.00,       0.16,             0.00,        1.24,              0.01,       -nan,             -nan, 500000, 0.15, 1.14, 2.22 
RESULT: PGMCacheR (0, 0.000000, 0),      16,     0.00,   4.03,         0.62,      0.29,       0.29,          0.01,       1.74,        0.00,       0.18,             0.00,        1.25,              0.01,       -nan,             -nan, 500000, 0.15, 1.13, 2.31 
RESULT: PGMCacheR (0, 0.000000, 0),       4,     0.00,   4.06,         0.58,      0.29,       0.29,          0.01,       1.69,        0.00,       0.17,             0.00,        1.25,              0.01,       -nan,             -nan, 500000, 0.14, 1.13, 2.41 
RESULT: PGMCacheR (0, 0.000000, 0),       8,     0.00,   3.93,         0.58,      0.29,       0.29,          0.01,       1.70,        0.00,       0.17,             0.00,        1.25,              0.01,       -nan,             -nan, 500000, 0.15, 1.13, 2.31 
RESULT: PGMCacheR (0, 0.000000, 0),      32,     0.00,   3.93,         0.59,      0.29,       0.29,          0.01,       1.70,        0.00,       0.17,             0.00,        1.25,              0.01,       -nan,             -nan, 500000, 0.15, 1.13, 2.31 
RESULT: PGMCacheR (0, 0.000000, 0),      64,     0.00,   4.02,         0.59,      0.29,       0.29,          0.01,       1.73,        0.00,       0.17,             0.00,        1.25,              0.01,       -nan,             -nan, 500000, 0.15, 1.13, 2.31 
RESULT: PGMCacheR (0, 0.000000, 0),     256,     0.00,   4.03,         0.60,      0.29,       0.29,          0.01,       1.74,        0.00,       0.18,             0.00,        1.25,              0.01,       -nan,             -nan, 500000, 0.15, 1.13, 2.32 
RESULT: PGMCacheR (0, 0.000000, 0),    1024,     0.00,   3.88,         0.58,      0.29,       0.29,          0.01,       1.68,        0.00,       0.17,             0.00,        1.25,              0.01,       -nan,             -nan, 500000, 0.15, 1.13, 2.31 
RESULT: PGMCacheR (0, 0.000000, 0),    2048,     0.00,   3.83,         0.57,      0.29,       0.29,          0.01,       1.66,        0.00,       0.17,             0.00,        1.24,              0.01,       -nan,             -nan, 500000, 0.15, 1.14, 2.30 
RESULT: PGMCacheR (0, 0.000000, 0),    4096,     0.00,   4.04,         0.61,      0.29,       0.29,          0.01,       1.75,        0.00,       0.18,             0.00,        1.25,              0.01,       -nan,             -nan, 500000, 0.15, 1.13, 2.31 
RESULT: PGMCacheR (0, 0.000000, 0),    8192,     0.00,   3.88,         0.58,      0.29,       0.29,          0.01,       1.68,        0.00,       0.17,             0.00,        1.25,              0.01,       -nan,             -nan, 500000, 0.15, 1.14, 2.31 
