Repeating lookup code 1 time(s).
Using 1 thread(s).
read 200000000 values from ./data/wiki_ts_200M_uint64 in 774 ms (258.398 M values/s)
data contains duplicates
read 10000 values from ./data/wiki_ts_200M_uint64_equality_lookups_zipf_10K_1 in 0 ms (inf M values/s)
index, variant, time sec,  cycles, instructions, L1-misses, LLC-misses, branch-misses, task-clock, page-faults, DTLB-loads, DTLB-load-misses, DTLB-stores, DTLB-store-misses, ITLB_loads, ITLB_load-misses, scale,  IPC, CPUs,  GHz 
RESULT:   PGM,      16,     0.01, 1276.67,       762.76,     18.38,      15.04,          2.07,     542.39,        0.22,     219.72,             2.52,      225.88,              1.58,       0.04,             -nan, 10000, 0.60, 1.02, 2.35 
RESULT: PGM,16,122.341,4604520,5125771597,BinarySearch
RESULT:   PGM,       4,     0.00, 864.83,       526.08,     17.41,      14.99,          1.70,     352.94,        0.11,     149.76,             1.32,      142.69,              0.95,       -nan,             -nan, 10000, 0.61, 1.03, 2.45 
RESULT: PGM,4,124.593,45559200,6399401152,BinarySearch
RESULT:   PGM,       8,     0.00, 409.54,       272.19,     16.57,      14.77,          1.61,     170.36,        0.00,      75.06,             0.09,       64.57,              0.26,       -nan,             -nan, 10000, 0.66, 1.06, 2.40 
RESULT: PGM,8,110.988,14269300,5656673001,BinarySearch
RESULT:   PGM,      32,     0.00, 794.86,       491.79,     17.34,      14.94,          1.91,     324.81,        0.10,     136.88,             1.17,      133.68,              0.86,       -nan,             -nan, 10000, 0.62, 1.03, 2.45 
RESULT: PGM,32,116.183,1721860,4816766003,BinarySearch
RESULT:   PGM,      64,     0.00, 426.85,       300.79,     16.71,      14.76,          1.71,     170.51,        0.00,      77.49,             0.09,       64.58,              0.27,       -nan,             -nan, 10000, 0.70, 1.06, 2.50 
RESULT: PGM,64,112.043,754740,4725265787,BinarySearch
RESULT:   PGM,     256,     0.00, 431.57,       321.72,     16.89,      14.88,          1.82,     179.26,        0.00,      79.36,             0.10,       64.58,              0.26,       -nan,             -nan, 10000, 0.75, 1.06, 2.41 
RESULT: PGM,256,119.792,222580,4848999780,BinarySearch
RESULT:   PGM,    1024,     0.00, 407.76,       317.28,     17.03,      14.98,          1.90,     169.58,        0.00,      75.30,             0.12,       64.58,              0.26,       -nan,             -nan, 10000, 0.78, 1.06, 2.40 
RESULT: PGM,1024,110.475,89600,5281885910,BinarySearch
RESULT:   PGM,    2048,     0.00, 406.01,       328.20,     17.10,      15.08,          1.91,     168.98,        0.00,      76.29,             0.13,       64.58,              0.26,       -nan,             -nan, 10000, 0.81, 1.06, 2.40 
RESULT: PGM,2048,111.2,54380,5382663306,BinarySearch
RESULT:   PGM,    4096,     0.00, 407.94,       328.14,     17.14,      15.11,          1.89,     169.79,        0.00,      73.28,             0.14,       63.58,              0.27,       -nan,             -nan, 10000, 0.80, 1.06, 2.40 
RESULT: PGM,4096,110.403,38680,5727829187,BinarySearch
RESULT:   PGM,    8192,     0.00, 415.91,       350.22,     17.16,      15.16,          1.89,     173.02,        0.00,      78.30,             0.15,       64.60,              0.26,       -nan,             -nan, 10000, 0.84, 1.06, 2.40 
RESULT: PGM,8192,113.051,19940,5347177218,BinarySearch
RESULT: PGMCacheL (0, 0.000000, 0),      16,     0.00, 211.13,        38.03,     14.82,      14.63,          0.47,      90.81,        0.00,      11.12,             0.14,       63.43,              0.28,       -nan,             -nan, 10000, 0.18, 1.12, 2.32 
RESULT: PGMCacheL (0, 0.000000, 0),       4,     0.00, 184.05,        30.79,     14.62,      14.52,          0.42,     125.37,        0.00,       9.14,             0.12,       62.32,              0.27,       -nan,             -nan, 10000, 0.17, 1.14, 1.47 
RESULT: PGMCacheL (0, 0.000000, 0),       8,     0.00, 203.38,        32.82,     14.71,      14.59,          0.45,      87.70,        0.00,       9.75,             0.13,       62.72,              0.27,       -nan,             -nan, 10000, 0.16, 1.13, 2.32 
RESULT: PGMCacheL (0, 0.000000, 0),      32,     0.00, 200.41,        30.65,     14.62,      14.56,          0.41,      86.68,        0.00,       9.08,             0.12,       62.30,              0.27,       -nan,             -nan, 10000, 0.15, 1.13, 2.31 
RESULT: PGMCacheL (0, 0.000000, 0),      64,     0.00, 201.92,        33.00,     14.71,      14.58,          0.45,      87.16,        0.00,       9.75,             0.13,       62.65,              0.28,       -nan,             -nan, 10000, 0.16, 1.13, 2.32 
RESULT: PGMCacheL (0, 0.000000, 0),     256,     0.00, 202.13,        32.23,     14.69,      14.55,          0.43,      87.28,        0.00,       9.49,             0.12,       62.50,              0.27,       -nan,             -nan, 10000, 0.16, 1.13, 2.32 
RESULT: PGMCacheL (0, 0.000000, 0),    1024,     0.00, 206.99,        32.48,     14.73,      14.61,          0.45,      89.21,        0.00,       9.57,             0.13,       62.64,              0.28,       -nan,             -nan, 10000, 0.16, 1.13, 2.32 
RESULT: PGMCacheL (0, 0.000000, 0),    2048,     0.00, 201.93,        31.88,     14.68,      14.57,          0.44,      87.16,        0.00,       9.34,             0.12,       62.45,              0.27,       -nan,             -nan, 10000, 0.16, 1.13, 2.32 
RESULT: PGMCacheL (0, 0.000000, 0),    4096,     0.00, 197.65,        34.13,     14.72,      14.58,          0.45,      88.98,        0.00,       9.85,             0.13,       62.83,              0.27,       -nan,             -nan, 10000, 0.17, 1.13, 2.22 
RESULT: PGMCacheL (0, 0.000000, 0),    8192,     0.00, 200.76,        34.41,     14.74,      14.54,          0.44,      92.02,        0.00,       9.88,             0.13,       62.83,              0.27,       -nan,             -nan, 10000, 0.17, 1.14, 2.18 
RESULT: PGMCacheR (0, 0.000000, 0),      16,     0.00, 207.74,        34.61,     14.72,      14.56,          0.44,      89.43,        0.00,      10.10,             0.13,       62.94,              0.27,       -nan,             -nan, 10000, 0.17, 1.12, 2.32 
RESULT: PGMCacheR (0, 0.000000, 0),       4,     0.00, 203.03,        33.02,     14.66,      14.55,          0.43,      87.65,        0.00,       9.64,             0.12,       62.70,              0.27,       -nan,             -nan, 10000, 0.16, 1.13, 2.32 
RESULT: PGMCacheR (0, 0.000000, 0),       8,     0.00, 196.97,        32.68,     14.68,      14.52,          0.42,      88.77,        0.00,       9.53,             0.12,       62.69,              0.27,       -nan,             -nan, 10000, 0.17, 1.13, 2.22 
RESULT: PGMCacheR (0, 0.000000, 0),      32,     0.00, 196.05,        32.65,     14.67,      14.54,          0.43,      92.18,        0.00,       9.49,             0.12,       62.65,              0.27,       -nan,             -nan, 10000, 0.17, 1.13, 2.13 
RESULT: PGMCacheR (0, 0.000000, 0),      64,     0.00, 203.40,        33.25,     14.69,      14.56,          0.43,      87.70,        0.00,       9.64,             0.12,       62.72,              0.28,       -nan,             -nan, 10000, 0.16, 1.13, 2.32 
RESULT: PGMCacheR (0, 0.000000, 0),     256,     0.00, 206.39,        34.12,     14.72,      14.59,          0.45,      88.89,        0.00,       9.87,             0.13,       62.83,              0.27,       -nan,             -nan, 10000, 0.17, 1.13, 2.32 
RESULT: PGMCacheR (0, 0.000000, 0),    1024,     0.00, 200.96,        33.74,     14.71,      14.57,          0.44,      86.70,        0.00,       9.74,             0.13,       62.76,              0.27,       -nan,             -nan, 10000, 0.17, 1.13, 2.32 
RESULT: PGMCacheR (0, 0.000000, 0),    2048,     0.00, 199.27,        33.14,     14.70,      14.58,          0.43,      86.21,        0.00,       9.56,             0.12,       62.68,              0.27,       -nan,             -nan, 10000, 0.17, 1.13, 2.31 
RESULT: PGMCacheR (0, 0.000000, 0),    4096,     0.00, 206.17,        34.38,     14.74,      14.59,          0.45,      88.81,        0.00,       9.91,             0.13,       62.86,              0.27,       -nan,             -nan, 10000, 0.17, 1.13, 2.32 
RESULT: PGMCacheR (0, 0.000000, 0),    8192,     0.00, 195.12,        33.25,     14.70,      14.57,          0.43,      88.82,        0.00,       9.57,             0.13,       62.71,              0.27,       -nan,             -nan, 10000, 0.17, 1.13, 2.20 
