Repeating lookup code 1 time(s).
Using 1 thread(s).
read 200000000 values from ./data/wiki_ts_200M_uint64 in 772 ms (259.067 M values/s)
data contains duplicates
read 500000 values from ./data/wiki_ts_200M_uint64_equality_lookups_zipf_500K_2 in 3 ms (166.667 M values/s)
index, variant, time sec, cycles, instructions, L1-misses, LLC-misses, branch-misses, task-clock, page-faults, DTLB-loads, DTLB-load-misses, DTLB-stores, DTLB-store-misses, ITLB_loads, ITLB_load-misses,  scale,  IPC, CPUs,  GHz 
RESULT:   PGM,      16,     0.04, 229.96,       240.72,      0.68,       0.39,          0.62,      72.82,        0.00,      60.21,             0.07,        9.94,              0.03,       0.00,             0.00, 500000, 1.05, 1.00, 3.16 
RESULT: PGM,16,64.7855,4604520,5117524057,BinarySearch
RESULT:   PGM,       4,     0.04, 251.21,       254.31,      0.67,       0.38,          0.63,      80.34,        0.00,      64.30,             0.04,        8.29,              0.02,       0.01,             0.00, 500000, 1.01, 1.00, 3.13 
RESULT: PGM,4,76.1059,45559200,6393639414,BinarySearch
RESULT:   PGM,       8,     0.03, 208.85,       224.14,      0.66,       0.39,          0.64,      68.42,        0.00,      56.48,             0.01,        6.24,              0.01,       0.01,             0.00, 500000, 1.07, 1.00, 3.05 
RESULT: PGM,8,67.2317,14269300,5642919877,BinarySearch
RESULT:   PGM,      32,     0.04, 227.56,       247.64,      0.68,       0.38,          0.66,      73.93,        0.00,      59.53,             0.03,        7.87,              0.02,       0.01,             0.00, 500000, 1.09, 1.00, 3.08 
RESULT: PGM,32,69.8045,1721860,4808144016,BinarySearch
RESULT:   PGM,      64,     0.04, 219.53,       256.40,      0.66,       0.39,          0.64,      70.58,        0.00,      59.33,             0.01,        6.25,              0.01,       0.01,             0.00, 500000, 1.17, 1.00, 3.11 
RESULT: PGM,64,69.4015,754740,4717050864,BinarySearch
RESULT:   PGM,     256,     0.04, 229.19,       277.28,      0.66,       0.39,          0.72,      70.79,        0.00,      61.66,             0.01,        6.27,              0.01,       0.09,             0.00, 500000, 1.21, 1.00, 3.24 
RESULT: PGM,256,69.6114,222580,4842752634,BinarySearch
RESULT:   PGM,    1024,     0.03, 199.25,       272.50,      0.67,       0.41,          0.67,      60.86,        0.00,      57.38,             0.01,        6.21,              0.01,       0.02,             0.00, 500000, 1.37, 1.00, 3.27 
RESULT: PGM,1024,59.6857,89600,5274226329,BinarySearch
RESULT:   PGM,    2048,     0.03, 198.49,       286.21,      0.68,       0.40,          0.64,      63.61,        0.00,      57.55,             0.01,        6.20,              0.01,       0.00,             0.00, 500000, 1.44, 1.00, 3.12 
RESULT: PGM,2048,62.4878,54380,5378322032,BinarySearch
RESULT:   PGM,    4096,     0.03, 194.53,       283.58,      0.68,       0.40,          0.65,      64.25,        0.00,      54.84,             0.01,        5.21,              0.01,       0.01,             0.00, 500000, 1.46, 1.00, 3.03 
RESULT: PGM,4096,63.062,38680,5714845124,BinarySearch
RESULT:   PGM,    8192,     0.03, 199.91,       305.95,      0.68,       0.40,          0.64,      65.80,        0.00,      59.78,             0.01,        6.22,              0.01,       0.00,             0.00, 500000, 1.53, 1.00, 3.04 
RESULT: PGM,8192,64.626,19940,5337833901,BinarySearch
RESULT: PGMCacheL (0, 0.000000, 0),      16,     0.00,   4.04,         0.64,      0.30,       0.29,          0.01,       1.75,        0.00,       0.19,             0.00,        1.25,              0.01,       -nan,             -nan, 500000, 0.16, 1.13, 2.31 
RESULT: PGMCacheL (0, 0.000000, 0),       4,     0.00,   3.94,         0.57,      0.29,       0.29,          0.01,       1.70,        0.00,       0.17,             0.00,        1.24,              0.01,       -nan,             -nan, 500000, 0.14, 1.13, 2.31 
RESULT: PGMCacheL (0, 0.000000, 0),       8,     0.00,   3.92,         0.57,      0.29,       0.29,          0.01,       1.70,        0.00,       0.17,             0.00,        1.25,              0.01,       -nan,             -nan, 500000, 0.15, 1.13, 2.31 
RESULT: PGMCacheL (0, 0.000000, 0),      32,     0.00,   4.76,         0.56,      0.29,       0.29,          0.01,       1.54,        0.00,       0.17,             0.00,        1.24,              0.01,       -nan,             -nan, 500000, 0.12, 1.11, 3.08 
RESULT: PGMCacheL (0, 0.000000, 0),      64,     0.00,   3.85,         0.56,      0.29,       0.29,          0.01,       1.67,        0.00,       0.17,             0.00,        1.24,              0.01,       -nan,             -nan, 500000, 0.14, 1.14, 2.31 
RESULT: PGMCacheL (0, 0.000000, 0),     256,     0.00,   4.02,         0.57,      0.29,       0.29,          0.01,       1.76,        0.00,       0.17,             0.00,        1.24,              0.01,       -nan,             -nan, 500000, 0.14, 1.13, 2.29 
RESULT: PGMCacheL (0, 0.000000, 0),    1024,     0.00,   3.91,         0.56,      0.29,       0.29,          0.01,       1.69,        0.00,       0.17,             0.00,        1.24,              0.01,       -nan,             -nan, 500000, 0.14, 1.13, 2.31 
RESULT: PGMCacheL (0, 0.000000, 0),    2048,     0.00,   3.93,         0.57,      0.29,       0.29,          0.01,       1.70,        0.00,       0.17,             0.00,        1.24,              0.01,       -nan,             -nan, 500000, 0.14, 1.13, 2.31 
RESULT: PGMCacheL (0, 0.000000, 0),    4096,     0.00,   3.93,         0.59,      0.29,       0.29,          0.01,       1.70,        0.00,       0.18,             0.00,        1.25,              0.01,       -nan,             -nan, 500000, 0.15, 1.13, 2.31 
RESULT: PGMCacheL (0, 0.000000, 0),    8192,     0.00,   3.91,         0.56,      0.29,       0.29,          0.01,       1.69,        0.00,       0.17,             0.00,        1.24,              0.01,       -nan,             -nan, 500000, 0.14, 1.13, 2.31 
RESULT: PGMCacheR (0, 0.000000, 0),      16,     0.00,   4.19,         0.60,      0.29,       0.29,          0.01,       1.67,        0.00,       0.18,             0.00,        1.25,              0.01,       -nan,             -nan, 500000, 0.14, 1.13, 2.51 
RESULT: PGMCacheR (0, 0.000000, 0),       4,     0.00,   3.92,         0.56,      0.29,       0.29,          0.01,       1.70,        0.00,       0.17,             0.00,        1.24,              0.01,       -nan,             -nan, 500000, 0.14, 1.13, 2.31 
RESULT: PGMCacheR (0, 0.000000, 0),       8,     0.00,   3.98,         0.58,      0.29,       0.29,          0.01,       1.74,        0.00,       0.17,             0.00,        1.25,              0.01,       -nan,             -nan, 500000, 0.15, 1.13, 2.29 
RESULT: PGMCacheR (0, 0.000000, 0),      32,     0.00,   3.93,         0.57,      0.29,       0.29,          0.01,       1.70,        0.00,       0.17,             0.00,        1.24,              0.01,       -nan,             -nan, 500000, 0.14, 1.13, 2.31 
RESULT: PGMCacheR (0, 0.000000, 0),      64,     0.00,   3.98,         0.59,      0.29,       0.29,          0.01,       1.72,        0.00,       0.17,             0.00,        1.25,              0.01,       -nan,             -nan, 500000, 0.15, 1.13, 2.32 
RESULT: PGMCacheR (0, 0.000000, 0),     256,     0.00,   4.02,         0.58,      0.29,       0.29,          0.01,       1.74,        0.00,       0.17,             0.00,        1.25,              0.01,       -nan,             -nan, 500000, 0.15, 1.13, 2.32 
RESULT: PGMCacheR (0, 0.000000, 0),    1024,     0.00,   3.78,         0.57,      0.29,       0.29,          0.01,       1.71,        0.00,       0.17,             0.00,        1.24,              0.01,       -nan,             -nan, 500000, 0.15, 1.14, 2.22 
RESULT: PGMCacheR (0, 0.000000, 0),    2048,     0.00,   3.85,         0.56,      0.29,       0.29,          0.01,       1.67,        0.00,       0.17,             0.00,        1.24,              0.01,       -nan,             -nan, 500000, 0.15, 1.14, 2.31 
RESULT: PGMCacheR (0, 0.000000, 0),    4096,     0.00,   4.01,         0.58,      0.29,       0.29,          0.01,       1.75,        0.00,       0.17,             0.00,        1.25,              0.01,       -nan,             -nan, 500000, 0.14, 1.14, 2.29 
RESULT: PGMCacheR (0, 0.000000, 0),    8192,     0.00,   3.84,         0.57,      0.29,       0.29,          0.01,       1.67,        0.00,       0.17,             0.00,        1.25,              0.01,       -nan,             -nan, 500000, 0.15, 1.14, 2.31 
