Repeating lookup code 1 time(s).
Using 1 thread(s).
read 200000000 values from ./data/wiki_ts_200M_uint64 in 764 ms (261.78 M values/s)
data contains duplicates
read 1000000 values from ./data/wiki_ts_200M_uint64_equality_lookups_zipf_1M_3 in 147 ms (6.80272 M values/s)
index, variant, time sec, cycles, instructions, L1-misses, LLC-misses, branch-misses, task-clock, page-faults, DTLB-loads, DTLB-load-misses, DTLB-stores, DTLB-store-misses, ITLB_loads, ITLB_load-misses,   scale,  IPC, CPUs,  GHz 
RESULT:   PGM,      16,     0.06, 203.70,       235.97,      0.45,       0.18,          0.21,      60.33,        0.00,      60.45,             0.03,        7.47,              0.02,       0.00,             0.00, 1000000, 1.16, 1.00, 3.38 
RESULT: PGM,16,56.3195,4604520,5117743922,BinarySearch
RESULT:   PGM,       4,     0.07, 228.89,       250.84,      0.46,       0.20,          0.21,      70.33,        0.00,      64.71,             0.02,        6.51,              0.01,       0.00,             0.00, 1000000, 1.10, 1.00, 3.25 
RESULT: PGM,4,68.0148,45559200,6393906818,BinarySearch
RESULT:   PGM,       8,     0.06, 189.94,       223.25,      0.44,       0.18,          0.21,      59.05,        0.00,      58.14,             0.00,        5.64,              0.00,       0.00,             0.00, 1000000, 1.18, 1.00, 3.22 
RESULT: PGM,8,58.4598,14269300,5650660125,BinarySearch
RESULT:   PGM,      32,     0.06, 204.17,       246.28,      0.46,       0.19,          0.21,      62.96,        0.00,      60.79,             0.02,        6.43,              0.01,       0.00,             0.00, 1000000, 1.21, 1.00, 3.24 
RESULT: PGM,32,61.0051,1721860,4804617328,BinarySearch
RESULT:   PGM,      64,     0.06, 198.85,       255.66,      0.44,       0.18,          0.21,      58.47,        0.00,      61.48,             0.00,        5.67,              0.00,       0.00,             0.00, 1000000, 1.29, 1.00, 3.40 
RESULT: PGM,64,57.9243,754740,4720963775,BinarySearch
RESULT:   PGM,     256,     0.06, 210.28,       277.83,      0.44,       0.18,          0.29,      62.40,        0.00,      63.21,             0.00,        5.65,              0.00,       0.03,             0.00, 1000000, 1.32, 1.00, 3.37 
RESULT: PGM,256,61.8133,222580,4843731534,BinarySearch
RESULT:   PGM,    1024,     0.06, 187.51,       273.48,      0.43,       0.18,          0.27,      58.62,        0.00,      59.31,             0.00,        5.66,              0.00,       0.02,             0.00, 1000000, 1.46, 1.00, 3.20 
RESULT: PGM,1024,58.0364,89600,5273480452,BinarySearch
RESULT:   PGM,    2048,     0.06, 181.60,       286.27,      0.43,       0.18,          0.21,      56.42,        0.00,      59.97,             0.00,        5.63,              0.00,       0.00,             0.00, 1000000, 1.58, 1.00, 3.22 
RESULT: PGM,2048,55.8476,54380,5378192321,BinarySearch
RESULT:   PGM,    4096,     0.05, 177.46,       287.31,      0.43,       0.18,          0.21,      52.57,        0.00,      57.05,             0.00,        4.66,              0.00,       0.00,             0.00, 1000000, 1.62, 1.00, 3.38 
RESULT: PGM,4096,51.9833,38680,5717787462,BinarySearch
RESULT:   PGM,    8192,     0.06, 183.56,       306.19,      0.44,       0.18,          0.20,      58.26,        0.00,      62.18,             0.01,        5.65,              0.00,       0.00,             0.00, 1000000, 1.67, 1.00, 3.15 
RESULT: PGM,8192,57.6788,19940,5336804858,BinarySearch
RESULT: PGMCacheL (0, 0.000000, 0),      16,     0.02,  31.42,        32.54,      0.24,       0.15,          0.02,      15.28,        0.00,      11.63,             0.00,        3.83,              0.00,       0.00,             0.00, 1000000, 1.04, 1.01, 2.06 
RESULT: PGMCacheL (0, 0.000000, 0),       4,     0.01,  33.64,        37.21,      0.23,       0.15,          0.02,      13.70,        0.00,      11.62,             0.00,        3.82,              0.00,       0.00,             0.00, 1000000, 1.11, 1.01, 2.46 
RESULT: PGMCacheL (0, 0.000000, 0),       8,     0.01,  33.59,        36.98,      0.23,       0.15,          0.02,      13.68,        0.00,      11.62,             0.00,        3.82,              0.00,       0.00,             0.00, 1000000, 1.10, 1.01, 2.45 
RESULT: PGMCacheL (0, 0.000000, 0),      32,     0.01,  33.61,        37.15,      0.22,       0.15,          0.02,      13.68,        0.00,      11.62,             0.00,        3.82,              0.00,       0.00,             0.00, 1000000, 1.11, 1.01, 2.46 
RESULT: PGMCacheL (0, 0.000000, 0),      64,     0.01,  34.23,        37.43,      0.22,       0.15,          0.02,      13.40,        0.00,      11.62,             0.00,        3.82,              0.00,       0.00,             0.00, 1000000, 1.09, 1.01, 2.55 
RESULT: PGMCacheL (0, 0.000000, 0),     256,     0.01,  33.55,        37.00,      0.23,       0.15,          0.02,      13.66,        0.00,      11.62,             0.00,        3.82,              0.00,       0.00,             0.00, 1000000, 1.10, 1.01, 2.46 
RESULT: PGMCacheL (0, 0.000000, 0),    1024,     0.01,  33.47,        36.87,      0.23,       0.15,          0.02,      13.63,        0.00,      11.62,             0.00,        3.82,              0.00,       0.00,             0.00, 1000000, 1.10, 1.01, 2.46 
RESULT: PGMCacheL (0, 0.000000, 0),    2048,     0.01,  33.27,        37.17,      0.22,       0.15,          0.02,      13.55,        0.00,      11.62,             0.00,        3.82,              0.00,       0.00,             0.00, 1000000, 1.12, 1.01, 2.46 
RESULT: PGMCacheL (0, 0.000000, 0),    4096,     0.01,  33.50,        36.76,      0.23,       0.15,          0.02,      13.65,        0.00,      11.62,             0.00,        3.82,              0.00,       0.00,             0.00, 1000000, 1.10, 1.01, 2.45 
RESULT: PGMCacheL (0, 0.000000, 0),    8192,     0.01,  33.15,        36.57,      0.23,       0.15,          0.02,      14.08,        0.00,      11.62,             0.00,        3.82,              0.00,       0.00,             0.00, 1000000, 1.10, 1.01, 2.35 
RESULT: PGMCacheR (0, 0.000000, 0),      16,     0.01,  33.71,        37.64,      0.23,       0.15,          0.02,      13.74,        0.00,      11.63,             0.00,        3.83,              0.00,       0.00,             0.00, 1000000, 1.12, 1.01, 2.45 
RESULT: PGMCacheR (0, 0.000000, 0),       4,     0.01,  33.65,        37.23,      0.23,       0.15,          0.02,      13.71,        0.00,      11.62,             0.00,        3.82,              0.00,       0.00,             0.00, 1000000, 1.11, 1.01, 2.46 
RESULT: PGMCacheR (0, 0.000000, 0),       8,     0.01,  33.60,        36.92,      0.23,       0.15,          0.02,      13.69,        0.00,      11.62,             0.00,        3.82,              0.00,       0.00,             0.00, 1000000, 1.10, 1.01, 2.45 
RESULT: PGMCacheR (0, 0.000000, 0),      32,     0.01,  33.42,        36.99,      0.23,       0.15,          0.02,      13.61,        0.00,      11.62,             0.00,        3.82,              0.00,       0.00,             0.00, 1000000, 1.11, 1.01, 2.45 
RESULT: PGMCacheR (0, 0.000000, 0),      64,     0.01,  33.78,        37.04,      0.23,       0.15,          0.02,      13.76,        0.00,      11.62,             0.00,        3.82,              0.00,       0.00,             0.00, 1000000, 1.10, 1.01, 2.45 
RESULT: PGMCacheR (0, 0.000000, 0),     256,     0.01,  33.45,        36.93,      0.23,       0.15,          0.02,      13.62,        0.00,      11.62,             0.00,        3.82,              0.00,       0.00,             0.00, 1000000, 1.10, 1.01, 2.46 
RESULT: PGMCacheR (0, 0.000000, 0),    1024,     0.01,  33.52,        36.85,      0.23,       0.15,          0.02,      13.65,        0.00,      11.62,             0.00,        3.82,              0.00,       0.00,             0.00, 1000000, 1.10, 1.01, 2.46 
RESULT: PGMCacheR (0, 0.000000, 0),    2048,     0.01,  33.28,        37.16,      0.22,       0.15,          0.02,      13.56,        0.00,      11.62,             0.00,        3.82,              0.00,       0.00,             0.00, 1000000, 1.12, 1.01, 2.45 
RESULT: PGMCacheR (0, 0.000000, 0),    4096,     0.01,  33.59,        36.75,      0.23,       0.15,          0.02,      13.68,        0.00,      11.62,             0.00,        3.82,              0.00,       0.00,             0.00, 1000000, 1.09, 1.01, 2.46 
RESULT: PGMCacheR (0, 0.000000, 0),    8192,     0.01,  33.52,        37.06,      0.23,       0.15,          0.02,      13.65,        0.00,      11.62,             0.00,        3.82,              0.00,       0.00,             0.00, 1000000, 1.11, 1.01, 2.45 
