Repeating lookup code 1 time(s).
Using 1 thread(s).
read 200000000 values from ./data/wiki_ts_200M_uint64 in 765 ms (261.438 M values/s)
data contains duplicates
read 1000000 values from ./data/wiki_ts_200M_uint64_equality_lookups_zipf_1M_2 in 157 ms (6.36943 M values/s)
index, variant, time sec, cycles, instructions, L1-misses, LLC-misses, branch-misses, task-clock, page-faults, DTLB-loads, DTLB-load-misses, DTLB-stores, DTLB-store-misses, ITLB_loads, ITLB_load-misses,   scale,  IPC, CPUs,  GHz 
RESULT:   PGM,      16,     0.07, 216.68,       235.83,      0.49,       0.20,          0.62,      66.79,        0.00,      60.43,             0.03,        7.45,              0.02,       0.00,             0.00, 1000000, 1.09, 1.00, 3.24 
RESULT: PGM,16,62.7547,4604520,5119505800,BinarySearch
RESULT:   PGM,       4,     0.07, 242.78,       249.88,      0.47,       0.20,          0.64,      74.39,        0.00,      64.36,             0.02,        6.51,              0.01,       0.01,             0.00, 1000000, 1.03, 1.00, 3.26 
RESULT: PGM,4,72.0916,45559200,6389696284,BinarySearch
RESULT:   PGM,       8,     0.06, 203.98,       221.94,      0.46,       0.19,          0.66,      62.98,        0.00,      58.54,             0.01,        5.66,              0.00,       0.01,             0.00, 1000000, 1.09, 1.00, 3.24 
RESULT: PGM,8,62.3853,14269300,5643398490,BinarySearch
RESULT:   PGM,      32,     0.07, 220.64,       244.65,      0.48,       0.20,          0.69,      67.78,        0.00,      60.72,             0.02,        6.42,              0.01,       0.02,             0.00, 1000000, 1.11, 1.00, 3.26 
RESULT: PGM,32,65.767,1721860,4803769564,BinarySearch
RESULT:   PGM,      64,     0.07, 215.14,       253.35,      0.47,       0.19,          0.65,      65.20,        0.00,      61.19,             0.01,        5.66,              0.00,       0.00,             0.00, 1000000, 1.18, 1.00, 3.30 
RESULT: PGM,64,64.6022,754740,4738016234,BinarySearch
RESULT:   PGM,     256,     0.07, 221.54,       274.95,      0.47,       0.20,          0.73,      68.16,        0.00,      63.38,             0.01,        5.67,              0.00,       0.09,             0.00, 1000000, 1.24, 1.00, 3.25 
RESULT: PGM,256,67.568,222580,4841848245,BinarySearch
RESULT:   PGM,    1024,     0.06, 199.86,       270.65,      0.47,       0.18,          0.69,      61.56,        0.00,      59.29,             0.01,        5.65,              0.00,       0.03,             0.00, 1000000, 1.35, 1.00, 3.25 
RESULT: PGM,1024,60.9761,89600,5272736982,BinarySearch
RESULT:   PGM,    2048,     0.06, 192.93,       282.33,      0.47,       0.18,          0.66,      59.95,        0.00,      59.87,             0.01,        5.64,              0.00,       0.00,             0.00, 1000000, 1.46, 1.00, 3.22 
RESULT: PGM,2048,59.3721,54380,5381080360,BinarySearch
RESULT:   PGM,    4096,     0.06, 188.73,       281.09,      0.48,       0.18,          0.66,      59.75,        0.00,      57.13,             0.01,        4.67,              0.00,       0.01,             0.00, 1000000, 1.49, 1.00, 3.16 
RESULT: PGM,4096,59.1478,38680,5712294824,BinarySearch
RESULT:   PGM,    8192,     0.06, 196.94,       303.77,      0.47,       0.18,          0.67,      59.94,        0.00,      62.04,             0.01,        5.65,              0.00,       0.02,             0.00, 1000000, 1.54, 1.00, 3.29 
RESULT: PGM,8192,59.3586,19940,5335120346,BinarySearch
RESULT: PGMCacheL (0, 0.000000, 0),      16,     0.00,   2.33,         0.59,      0.15,       0.15,          0.00,       0.99,        0.00,       0.18,             0.00,        0.65,              0.00,       -nan,             -nan, 1000000, 0.26, 1.11, 2.34 
RESULT: PGMCacheL (0, 0.000000, 0),       4,     0.00,   2.23,         0.56,      0.15,       0.15,          0.00,       0.96,        0.00,       0.17,             0.00,        0.65,              0.00,       -nan,             -nan, 1000000, 0.25, 1.12, 2.33 
RESULT: PGMCacheL (0, 0.000000, 0),       8,     0.00,   2.23,         0.56,      0.15,       0.15,          0.00,       0.96,        0.00,       0.17,             0.00,        0.65,              0.00,       -nan,             -nan, 1000000, 0.25, 1.12, 2.33 
RESULT: PGMCacheL (0, 0.000000, 0),      32,     0.00,   2.25,         0.56,      0.15,       0.15,          0.00,       1.00,        0.00,       0.17,             0.00,        0.65,              0.00,       -nan,             -nan, 1000000, 0.25, 1.11, 2.24 
RESULT: PGMCacheL (0, 0.000000, 0),      64,     0.00,   2.25,         0.56,      0.15,       0.15,          0.00,       0.96,        0.00,       0.17,             0.00,        0.65,              0.00,       -nan,             -nan, 1000000, 0.25, 1.12, 2.33 
RESULT: PGMCacheL (0, 0.000000, 0),     256,     0.00,   2.26,         0.57,      0.15,       0.15,          0.00,       1.01,        0.00,       0.18,             0.00,        0.65,              0.00,       -nan,             -nan, 1000000, 0.25, 1.11, 2.24 
RESULT: PGMCacheL (0, 0.000000, 0),    1024,     0.00,   2.32,         0.55,      0.15,       0.15,          0.00,       1.00,        0.00,       0.17,             0.00,        0.64,              0.00,       -nan,             -nan, 1000000, 0.24, 1.11, 2.33 
RESULT: PGMCacheL (0, 0.000000, 0),    2048,     0.00,   2.26,         0.56,      0.15,       0.15,          0.00,       0.97,        0.00,       0.17,             0.00,        0.65,              0.00,       -nan,             -nan, 1000000, 0.25, 1.11, 2.33 
RESULT: PGMCacheL (0, 0.000000, 0),    4096,     0.00,   2.23,         0.57,      0.15,       0.15,          0.00,       0.96,        0.00,       0.17,             0.00,        0.65,              0.00,       -nan,             -nan, 1000000, 0.26, 1.12, 2.33 
RESULT: PGMCacheL (0, 0.000000, 0),    8192,     0.00,   2.27,         0.55,      0.15,       0.15,          0.00,       0.99,        0.00,       0.17,             0.00,        0.64,              0.00,       -nan,             -nan, 1000000, 0.24, 1.11, 2.29 
RESULT: PGMCacheR (0, 0.000000, 0),      16,     0.00,   2.32,         0.58,      0.15,       0.15,          0.00,       0.99,        0.00,       0.18,             0.00,        0.65,              0.00,       -nan,             -nan, 1000000, 0.25, 1.11, 2.34 
RESULT: PGMCacheR (0, 0.000000, 0),       4,     0.00,   2.27,         0.56,      0.15,       0.15,          0.00,       0.97,        0.00,       0.17,             0.00,        0.65,              0.00,       -nan,             -nan, 1000000, 0.25, 1.12, 2.33 
RESULT: PGMCacheR (0, 0.000000, 0),       8,     0.00,   2.26,         0.55,      0.15,       0.15,          0.00,       0.97,        0.00,       0.17,             0.00,        0.64,              0.00,       -nan,             -nan, 1000000, 0.24, 1.11, 2.33 
RESULT: PGMCacheR (0, 0.000000, 0),      32,     0.00,   2.29,         0.57,      0.15,       0.15,          0.00,       0.98,        0.00,       0.17,             0.00,        0.65,              0.00,       -nan,             -nan, 1000000, 0.25, 1.11, 2.34 
RESULT: PGMCacheR (0, 0.000000, 0),      64,     0.00,   2.30,         0.57,      0.15,       0.15,          0.00,       0.99,        0.00,       0.17,             0.00,        0.65,              0.00,       -nan,             -nan, 1000000, 0.25, 1.11, 2.34 
RESULT: PGMCacheR (0, 0.000000, 0),     256,     0.00,   2.26,         0.56,      0.15,       0.15,          0.00,       0.97,        0.00,       0.17,             0.00,        0.65,              0.00,       -nan,             -nan, 1000000, 0.25, 1.11, 2.33 
RESULT: PGMCacheR (0, 0.000000, 0),    1024,     0.00,   2.22,         0.56,      0.15,       0.15,          0.00,       0.95,        0.00,       0.17,             0.00,        0.65,              0.00,       -nan,             -nan, 1000000, 0.25, 1.12, 2.33 
RESULT: PGMCacheR (0, 0.000000, 0),    2048,     0.00,   2.20,         0.55,      0.15,       0.15,          0.00,       0.94,        0.00,       0.17,             0.00,        0.64,              0.00,       -nan,             -nan, 1000000, 0.25, 1.12, 2.33 
RESULT: PGMCacheR (0, 0.000000, 0),    4096,     0.00,   2.26,         0.58,      0.15,       0.15,          0.00,       1.01,        0.00,       0.18,             0.00,        0.65,              0.00,       -nan,             -nan, 1000000, 0.25, 1.11, 2.24 
RESULT: PGMCacheR (0, 0.000000, 0),    8192,     0.00,   2.21,         0.56,      0.15,       0.15,          0.00,       0.95,        0.00,       0.17,             0.00,        0.65,              0.00,       -nan,             -nan, 1000000, 0.26, 1.12, 2.33 
