Repeating lookup code 1 time(s).
Using 1 thread(s).
read 200000000 values from ./data/wiki_ts_200M_uint64 in 775 ms (258.065 M values/s)
data contains duplicates
read 100000 values from ./data/wiki_ts_200M_uint64_equality_lookups_zipf_100K_2 in 0 ms (inf M values/s)
index, variant, time sec, cycles, instructions, L1-misses, LLC-misses, branch-misses, task-clock, page-faults, DTLB-loads, DTLB-load-misses, DTLB-stores, DTLB-store-misses, ITLB_loads, ITLB_load-misses,  scale,  IPC, CPUs,  GHz 
RESULT:   PGM,      16,     0.01, 289.54,       231.12,      1.88,       1.49,          0.70,     117.91,        0.02,      74.52,             0.26,       27.15,              0.16,       0.00,             0.19, 100000, 0.80, 1.01, 2.46 
RESULT: PGM,16,77.5224,4604520,5139479496,BinarySearch
RESULT:   PGM,       4,     0.01, 276.64,       241.56,      1.81,       1.49,          0.67,     112.70,        0.01,      71.97,             0.13,       18.81,              0.09,       0.01,             -nan, 100000, 0.87, 1.01, 2.45 
RESULT: PGM,4,89.9806,45559200,6403691326,BinarySearch
RESULT:   PGM,       8,     0.01, 212.62,       221.44,      1.73,       1.47,          0.68,      86.65,        0.00,      59.24,             0.01,       11.00,              0.03,       0.01,             -nan, 100000, 1.04, 1.01, 2.45 
RESULT: PGM,8,80.6959,14269300,5655986187,BinarySearch
RESULT:   PGM,      32,     0.01, 264.34,       263.73,      1.80,       1.48,          0.74,      78.85,        0.01,      67.12,             0.12,       17.91,              0.09,       0.01,             -nan, 100000, 1.00, 1.01, 3.35 
RESULT: PGM,32,62.7392,1721860,4811393135,BinarySearch
RESULT:   PGM,      64,     0.01, 221.95,       251.11,      1.74,       1.47,          0.68,      90.45,        0.00,      62.01,             0.01,       10.99,              0.03,       0.00,             -nan, 100000, 1.13, 1.01, 2.45 
RESULT: PGM,64,84.5177,754740,4727296822,BinarySearch
RESULT:   PGM,     256,     0.01, 225.86,       267.17,      1.74,       1.47,          0.75,      92.02,        0.00,      63.99,             0.01,       10.99,              0.03,       0.05,             -nan, 100000, 1.18, 1.01, 2.45 
RESULT: PGM,256,86.0953,222580,4851447198,BinarySearch
RESULT:   PGM,    1024,     0.01, 201.22,       272.37,      1.74,       1.47,          0.72,      78.78,        0.00,      59.98,             0.01,       10.99,              0.03,       0.03,             -nan, 100000, 1.35, 1.01, 2.55 
RESULT: PGM,1024,72.9135,89600,5282327748,BinarySearch
RESULT:   PGM,    2048,     0.01, 201.84,       281.93,      1.74,       1.47,          0.70,      82.26,        0.00,      60.98,             0.01,       10.99,              0.03,       0.01,             -nan, 100000, 1.40, 1.01, 2.45 
RESULT: PGM,2048,76.4673,54380,5391673513,BinarySearch
RESULT:   PGM,    4096,     0.01, 198.71,       282.46,      1.74,       1.47,          0.71,      80.98,        0.00,      57.98,             0.01,        9.99,              0.03,       0.01,             -nan, 100000, 1.42, 1.01, 2.45 
RESULT: PGM,4096,75.0063,38680,5721754238,BinarySearch
RESULT:   PGM,    8192,     0.01, 202.94,       301.97,      1.74,       1.47,          0.69,      82.66,        0.00,      62.98,             0.01,       10.99,              0.03,       0.00,             -nan, 100000, 1.49, 1.01, 2.46 
RESULT: PGM,8192,76.7249,19940,5344298981,BinarySearch
RESULT: PGMCacheL (0, 0.000000, 0),      16,     0.00,  23.19,         5.86,      1.48,       1.46,          0.05,       9.93,        0.00,       1.81,             0.01,        6.52,              0.03,       -nan,             -nan, 100000, 0.25, 1.11, 2.34 
RESULT: PGMCacheL (0, 0.000000, 0),       4,     0.00,  22.24,         5.47,      1.47,       1.46,          0.05,       9.54,        0.00,       1.70,             0.01,        6.46,              0.03,       -nan,             -nan, 100000, 0.25, 1.12, 2.33 
RESULT: PGMCacheL (0, 0.000000, 0),       8,     0.00,  22.17,         5.44,      1.47,       1.45,          0.05,       9.51,        0.00,       1.70,             0.01,        6.46,              0.03,       -nan,             -nan, 100000, 0.25, 1.12, 2.33 
RESULT: PGMCacheL (0, 0.000000, 0),      32,     0.00,  22.50,         5.45,      1.47,       1.45,          0.04,       9.64,        0.00,       1.69,             0.01,        6.45,              0.03,       -nan,             -nan, 100000, 0.24, 1.12, 2.33 
RESULT: PGMCacheL (0, 0.000000, 0),      64,     0.00,  22.54,         5.53,      1.47,       1.46,          0.05,       9.66,        0.00,       1.72,             0.01,        6.47,              0.03,       -nan,             -nan, 100000, 0.25, 1.11, 2.33 
RESULT: PGMCacheL (0, 0.000000, 0),     256,     0.00,  22.56,         5.29,      1.46,       1.46,          0.04,       9.67,        0.00,       1.65,             0.01,        6.43,              0.03,       -nan,             -nan, 100000, 0.23, 1.12, 2.33 
RESULT: PGMCacheL (0, 0.000000, 0),    1024,     0.00,  23.22,         5.53,      1.48,       1.46,          0.05,       9.94,        0.00,       1.71,             0.01,        6.47,              0.03,       -nan,             -nan, 100000, 0.24, 1.11, 2.34 
RESULT: PGMCacheL (0, 0.000000, 0),    2048,     0.00,  22.59,         5.47,      1.47,       1.46,          0.05,       9.68,        0.00,       1.69,             0.01,        6.45,              0.03,       -nan,             -nan, 100000, 0.24, 1.11, 2.34 
RESULT: PGMCacheL (0, 0.000000, 0),    4096,     0.00,  22.52,         5.63,      1.47,       1.45,          0.05,       9.66,        0.00,       1.72,             0.01,        6.48,              0.03,       -nan,             -nan, 100000, 0.25, 1.12, 2.33 
RESULT: PGMCacheL (0, 0.000000, 0),    8192,     0.00,  22.85,         5.55,      1.47,       1.45,          0.05,       9.78,        0.00,       1.71,             0.01,        6.47,              0.03,       -nan,             -nan, 100000, 0.24, 1.11, 2.34 
RESULT: PGMCacheR (0, 0.000000, 0),      16,     0.00,  23.02,         5.60,      1.47,       1.46,          0.05,       9.84,        0.00,       1.74,             0.01,        6.48,              0.03,       -nan,             -nan, 100000, 0.24, 1.11, 2.34 
RESULT: PGMCacheR (0, 0.000000, 0),       4,     0.00,  22.57,         5.45,      1.47,       1.45,          0.04,       9.67,        0.00,       1.70,             0.01,        6.46,              0.03,       -nan,             -nan, 100000, 0.24, 1.11, 2.33 
RESULT: PGMCacheR (0, 0.000000, 0),       8,     0.00,  22.72,         5.46,      1.47,       1.45,          0.05,       9.72,        0.00,       1.70,             0.01,        6.46,              0.03,       -nan,             -nan, 100000, 0.24, 1.11, 2.34 
RESULT: PGMCacheR (0, 0.000000, 0),      32,     0.00,  22.60,         5.44,      1.47,       1.45,          0.04,       9.69,        0.00,       1.69,             0.01,        6.45,              0.03,       -nan,             -nan, 100000, 0.24, 1.12, 2.33 
RESULT: PGMCacheR (0, 0.000000, 0),      64,     0.00,  22.99,         5.55,      1.48,       1.46,          0.05,       9.84,        0.00,       1.73,             0.01,        6.47,              0.03,       -nan,             -nan, 100000, 0.24, 1.11, 2.33 
RESULT: PGMCacheR (0, 0.000000, 0),     256,     0.00,  22.97,         5.55,      1.47,       1.46,          0.05,       9.84,        0.00,       1.72,             0.01,        6.47,              0.03,       -nan,             -nan, 100000, 0.24, 1.11, 2.34 
RESULT: PGMCacheR (0, 0.000000, 0),    1024,     0.00,  22.10,         5.47,      1.47,       1.46,          0.05,       9.49,        0.00,       1.70,             0.01,        6.46,              0.03,       -nan,             -nan, 100000, 0.25, 1.12, 2.33 
RESULT: PGMCacheR (0, 0.000000, 0),    2048,     0.00,  22.25,         5.49,      1.47,       1.46,          0.05,       9.55,        0.00,       1.70,             0.01,        6.46,              0.03,       -nan,             -nan, 100000, 0.25, 1.12, 2.33 
RESULT: PGMCacheR (0, 0.000000, 0),    4096,     0.00,  22.24,         5.45,      1.47,       1.45,          0.05,       9.93,        0.00,       1.69,             0.01,        6.45,              0.03,       -nan,             -nan, 100000, 0.25, 1.12, 2.24 
RESULT: PGMCacheR (0, 0.000000, 0),    8192,     0.00,  22.41,         5.53,      1.47,       1.46,          0.05,       9.61,        0.00,       1.71,             0.01,        6.46,              0.03,       -nan,             -nan, 100000, 0.25, 1.12, 2.33 
