Repeating lookup code 1 time(s).
Using 1 thread(s).
read 200000000 values from ./data/wiki_ts_200M_uint64 in 766 ms (261.097 M values/s)
data contains duplicates
read 1000 values from ./data/wiki_ts_200M_uint64_equality_lookups_zipf_1K_1 in 0 ms (inf M values/s)
index, variant, time sec,   cycles, instructions, L1-misses, LLC-misses, branch-misses, task-clock, page-faults, DTLB-loads, DTLB-load-misses, DTLB-stores, DTLB-store-misses, ITLB_loads, ITLB_load-misses, scale,  IPC, CPUs,  GHz 
RESULT:   PGM,      16,     0.00, 10662.28,      5203.89,    165.61,     149.19,          8.73,    4346.30,        2.20,    1549.46,            25.43,     2215.30,             15.48,       0.22,             -nan,  1000, 0.49, 1.02, 2.45 
RESULT: PGM,16,330.427,4604520,5117829215,BinarySearch
RESULT:   PGM,       4,     0.00, 6520.12,      2766.14,    159.62,     150.09,          5.71,    2477.78,        1.07,     824.32,            13.62,     1380.31,              9.97,       -nan,             -nan,  1000, 0.42, 1.04, 2.63 
RESULT: PGM,4,282.847,45559200,6394604315,BinarySearch
RESULT:   PGM,       8,     0.00, 2010.08,       455.25,    150.57,     146.82,          3.90,     867.23,        0.00,     132.49,             0.76,      600.27,              2.65,       -nan,             -nan,  1000, 0.23, 1.13, 2.32 
RESULT: PGM,8,271.649,14269300,5648904591,BinarySearch
RESULT:   PGM,      32,     0.00, 4700.14,      1880.97,    156.59,     148.68,          5.17,    1947.35,        0.66,     556.20,             8.74,     1078.68,              7.19,       -nan,             -nan,  1000, 0.40, 1.05, 2.41 
RESULT: PGM,32,276.011,1721860,4806030039,BinarySearch
RESULT:   PGM,      64,     0.00, 2041.16,       483.11,    150.78,     146.90,          4.05,     880.71,        0.00,     134.82,             0.78,      600.28,              2.73,       -nan,             -nan,  1000, 0.24, 1.13, 2.32 
RESULT: PGM,64,279.476,754740,4732797808,BinarySearch
RESULT:   PGM,     256,     0.00, 2051.35,       505.54,    151.08,     147.35,          4.29,     884.08,        0.00,     136.87,             0.81,      600.42,              2.63,       -nan,             -nan,  1000, 0.25, 1.13, 2.32 
RESULT: PGM,256,286.809,222580,4840222083,BinarySearch
RESULT:   PGM,    1024,     0.00, 1995.19,       499.88,    151.28,     147.52,          4.31,     861.43,        0.00,     132.67,             0.86,      600.35,              2.63,       -nan,             -nan,  1000, 0.25, 1.13, 2.32 
RESULT: PGM,1024,277.162,89600,5273818446,BinarySearch
RESULT:   PGM,    2048,     0.00, 2031.07,       510.70,    151.41,     147.56,          4.25,     843.98,        0.00,     133.65,             0.91,      600.32,              2.64,       -nan,             -nan,  1000, 0.25, 1.13, 2.41 
RESULT: PGM,2048,271.552,54380,5377834221,BinarySearch
RESULT:   PGM,    4096,     0.00, 1997.35,       510.57,    151.47,     147.75,          4.31,     863.31,        0.00,     130.61,             0.91,      599.31,              2.63,       -nan,             -nan,  1000, 0.26, 1.13, 2.31 
RESULT: PGM,4096,273.44,38680,5715317427,BinarySearch
RESULT:   PGM,    8192,     0.00, 2010.67,       532.17,    151.42,     147.74,          4.22,     868.52,        0.00,     135.54,             0.95,      600.25,              2.63,       -nan,             -nan,  1000, 0.26, 1.13, 2.32 
RESULT: PGM,8192,278.737,19940,5336061037,BinarySearch
RESULT: PGMCacheL (0, 0.000000, 0),      16,     0.00, 10532.32,      4941.05,    162.17,     148.75,          7.88,    4293.99,        2.17,    1476.88,            25.74,     2206.37,             16.08,       0.25,             -nan,  1000, 0.47, 1.02, 2.45 
RESULT: PGMCacheL (0, 0.000000, 0),       4,     0.00, 2100.38,       329.90,    147.34,     145.98,          4.54,     904.07,        0.00,      97.92,             1.31,      627.75,              2.77,       -nan,             -nan,  1000, 0.16, 1.12, 2.32 
RESULT: PGMCacheL (0, 0.000000, 0),       8,     0.00, 2047.90,       314.68,    146.75,     145.49,          4.26,     884.26,        0.00,      93.38,             1.25,      625.26,              2.73,       -nan,             -nan,  1000, 0.15, 1.13, 2.32 
RESULT: PGMCacheL (0, 0.000000, 0),      32,     0.00, 1989.36,       314.32,    146.73,     145.53,          4.21,     860.04,        0.00,      92.78,             1.25,      624.98,              2.70,       -nan,             -nan,  1000, 0.16, 1.13, 2.31 
RESULT: PGMCacheL (0, 0.000000, 0),      64,     0.00, 1975.06,       308.20,    146.60,     145.34,          4.21,     889.21,        0.00,      91.01,             1.22,      624.04,              2.73,       -nan,             -nan,  1000, 0.16, 1.13, 2.22 
RESULT: PGMCacheL (0, 0.000000, 0),     256,     0.00, 2106.71,       332.96,    147.45,     146.10,          4.64,     907.11,        0.00,      97.91,             1.30,      627.62,              2.76,       -nan,             -nan,  1000, 0.16, 1.12, 2.32 
RESULT: PGMCacheL (0, 0.000000, 0),    1024,     0.00, 2035.19,       318.82,    146.93,     145.57,          4.37,     879.53,        0.00,      93.66,             1.25,      625.49,              2.73,       -nan,             -nan,  1000, 0.16, 1.13, 2.31 
RESULT: PGMCacheL (0, 0.000000, 0),    2048,     0.00, 2034.42,       319.75,    147.00,     145.59,          4.42,     899.01,        0.00,      93.69,             1.27,      625.18,              2.71,       -nan,             -nan,  1000, 0.16, 1.13, 2.26 
RESULT: PGMCacheL (0, 0.000000, 0),    4096,     0.00, 2034.96,       319.44,    146.81,     145.65,          4.40,     886.76,        0.00,      93.68,             1.30,      625.21,              2.73,       -nan,             -nan,  1000, 0.16, 1.14, 2.29 
RESULT: PGMCacheL (0, 0.000000, 0),    8192,     0.00, 2049.13,       320.81,    147.06,     145.63,          4.38,     884.68,        0.00,      93.74,             1.32,      625.38,              2.74,       -nan,             -nan,  1000, 0.16, 1.13, 2.32 
RESULT: PGMCacheR (0, 0.000000, 0),      16,     0.00, 10568.32,      4913.94,    163.94,     148.67,          7.82,    4140.52,        2.17,    1471.43,            25.64,     2201.57,             16.18,       0.42,             -nan,  1000, 0.46, 1.02, 2.55 
RESULT: PGMCacheR (0, 0.000000, 0),       4,     0.00, 2055.19,       321.25,    146.94,     145.52,          4.28,     886.84,        0.00,      95.00,             1.27,      625.83,              2.73,       -nan,             -nan,  1000, 0.16, 1.13, 2.32 
RESULT: PGMCacheR (0, 0.000000, 0),       8,     0.00, 2034.44,       311.90,    146.69,     145.55,          4.22,     877.99,        0.00,      92.58,             1.24,      624.92,              2.74,       -nan,             -nan,  1000, 0.15, 1.13, 2.32 
RESULT: PGMCacheR (0, 0.000000, 0),      32,     0.00, 1988.06,       315.63,    146.83,     145.43,          4.20,     859.41,        0.00,      93.36,             1.25,      625.25,              2.73,       -nan,             -nan,  1000, 0.16, 1.13, 2.31 
RESULT: PGMCacheR (0, 0.000000, 0),      64,     0.00, 2071.93,       324.78,    147.03,     145.81,          4.45,     893.37,        0.00,      96.06,             1.28,      626.56,              2.75,       -nan,             -nan,  1000, 0.16, 1.13, 2.32 
RESULT: PGMCacheR (0, 0.000000, 0),     256,     0.00, 2023.48,       324.51,    147.02,     145.64,          4.50,     910.70,        0.00,      95.56,             1.29,      626.06,              2.75,       -nan,             -nan,  1000, 0.16, 1.13, 2.22 
RESULT: PGMCacheR (0, 0.000000, 0),    1024,     0.00, 2126.70,       319.97,    146.93,     145.44,          4.40,     848.33,        0.00,      93.91,             1.30,      625.52,              2.74,       -nan,             -nan,  1000, 0.15, 1.12, 2.51 
RESULT: PGMCacheR (0, 0.000000, 0),    2048,     0.00, 2036.41,       319.05,    147.00,     145.66,          4.41,     878.57,        0.00,      93.61,             1.27,      625.42,              2.76,       -nan,             -nan,  1000, 0.16, 1.13, 2.32 
RESULT: PGMCacheR (0, 0.000000, 0),    4096,     0.00, 2028.56,       316.32,    146.84,     145.55,          4.34,     876.19,        0.00,      92.63,             1.29,      624.80,              2.74,       -nan,             -nan,  1000, 0.16, 1.13, 2.32 
RESULT: PGMCacheR (0, 0.000000, 0),    8192,     0.00, 2026.34,       320.94,    146.98,     145.60,          4.35,     874.55,        0.00,      93.53,             1.29,      625.26,              2.74,       -nan,             -nan,  1000, 0.16, 1.13, 2.32 
