Repeating lookup code 1 time(s).
Using 1 thread(s).
read 200000000 values from ./data/wiki_ts_200M_uint64 in 765 ms (261.438 M values/s)
data contains duplicates
read 50000 values from ./data/wiki_ts_200M_uint64_equality_lookups_zipf_50K_2 in 4 ms (12.5 M values/s)
index, variant, time sec, cycles, instructions, L1-misses, LLC-misses, branch-misses, task-clock, page-faults, DTLB-loads, DTLB-load-misses, DTLB-stores, DTLB-store-misses, ITLB_loads, ITLB_load-misses, scale,  IPC, CPUs,  GHz 
RESULT:   PGM,      16,     0.01, 403.44,       323.65,      3.47,       2.95,          0.78,     164.40,        0.04,      89.18,             0.50,       49.21,              0.31,       0.00,             -nan, 50000, 0.80, 1.01, 2.45 
RESULT: PGM,16,84.0409,4604520,5121823778,BinarySearch
RESULT:   PGM,       4,     0.01, 347.97,       294.52,      3.35,       2.96,          0.71,     141.81,        0.02,      79.20,             0.27,       32.56,              0.19,       0.01,             -nan, 50000, 0.85, 1.01, 2.45 
RESULT: PGM,4,95.5907,45559200,6394546972,BinarySearch
RESULT:   PGM,       8,     0.00, 230.89,       223.69,      3.17,       2.92,          0.71,      94.07,        0.00,      59.54,             0.02,       16.94,              0.05,       0.01,             -nan, 50000, 0.97, 1.02, 2.45 
RESULT: PGM,8,82.1098,14269300,5648452265,BinarySearch
RESULT:   PGM,      32,     0.01, 314.49,       284.17,      3.32,       2.95,          0.76,     128.30,        0.02,      73.45,             0.23,       30.78,              0.17,       0.01,             -nan, 50000, 0.90, 1.02, 2.45 
RESULT: PGM,32,86.37,1721860,4806601565,BinarySearch
RESULT:   PGM,      64,     0.00, 247.84,       254.48,      3.18,       2.92,          0.71,      97.03,        0.00,      62.32,             0.02,       16.94,              0.05,       0.01,             -nan, 50000, 1.03, 1.02, 2.55 
RESULT: PGM,64,85.3732,754740,4720061790,BinarySearch
RESULT:   PGM,     256,     0.00, 247.49,       276.25,      3.19,       2.92,          0.76,     100.86,        0.00,      64.29,             0.02,       16.94,              0.05,       0.03,             -nan, 50000, 1.12, 1.02, 2.45 
RESULT: PGM,256,88.9847,222580,4842702843,BinarySearch
RESULT:   PGM,    1024,     0.00, 219.48,       272.21,      3.19,       2.92,          0.76,      89.46,        0.00,      60.29,             0.02,       16.94,              0.05,       0.03,             -nan, 50000, 1.24, 1.02, 2.45 
RESULT: PGM,1024,77.5217,89600,5274848297,BinarySearch
RESULT:   PGM,    2048,     0.00, 219.88,       283.20,      3.19,       2.92,          0.74,      89.62,        0.00,      61.29,             0.02,       16.94,              0.05,       0.00,             -nan, 50000, 1.29, 1.02, 2.45 
RESULT: PGM,2048,78.0335,54380,5387132406,BinarySearch
RESULT:   PGM,    4096,     0.00, 226.84,       283.22,      3.19,       2.92,          0.74,      91.01,        0.00,      58.29,             0.02,       15.94,              0.06,       0.01,             -nan, 50000, 1.25, 1.02, 2.49 
RESULT: PGM,4096,79.8902,38680,5714405593,BinarySearch
RESULT:   PGM,    8192,     0.00, 222.86,       305.24,      3.19,       2.92,          0.72,      90.84,        0.00,      63.30,             0.02,       16.95,              0.05,       0.00,             -nan, 50000, 1.37, 1.02, 2.45 
RESULT: PGM,8192,78.95,19940,5342435747,BinarySearch
RESULT: PGMCacheL (0, 0.000000, 0),      16,     0.00,  45.88,        11.19,      2.96,       2.93,          0.10,      19.65,        0.00,       3.44,             0.03,       13.02,              0.06,       -nan,             -nan, 50000, 0.24, 1.11, 2.34 
RESULT: PGMCacheL (0, 0.000000, 0),       4,     0.00,  42.78,         9.87,      2.93,       2.91,          0.09,      18.37,        0.00,       3.09,             0.02,       12.81,              0.06,       -nan,             -nan, 50000, 0.23, 1.12, 2.33 
RESULT: PGMCacheL (0, 0.000000, 0),       8,     0.00,  45.07,        10.29,      2.94,       2.92,          0.09,      18.57,        0.00,       3.21,             0.03,       12.89,              0.06,       -nan,             -nan, 50000, 0.23, 1.11, 2.43 
RESULT: PGMCacheL (0, 0.000000, 0),      32,     0.00,  44.25,        10.18,      2.94,       2.91,          0.09,      18.99,        0.00,       3.17,             0.02,       12.86,              0.06,       -nan,             -nan, 50000, 0.23, 1.12, 2.33 
RESULT: PGMCacheL (0, 0.000000, 0),      64,     0.00,  43.89,        10.39,      2.94,       2.91,          0.09,      18.84,        0.00,       3.23,             0.03,       12.89,              0.05,       -nan,             -nan, 50000, 0.24, 1.12, 2.33 
RESULT: PGMCacheL (0, 0.000000, 0),     256,     0.00,  44.10,        10.10,      2.93,       2.91,          0.09,      18.92,        0.00,       3.14,             0.02,       12.84,              0.05,       -nan,             -nan, 50000, 0.23, 1.12, 2.33 
RESULT: PGMCacheL (0, 0.000000, 0),    1024,     0.00,  45.18,        10.41,      2.95,       2.92,          0.10,      19.34,        0.00,       3.23,             0.03,       12.90,              0.06,       -nan,             -nan, 50000, 0.23, 1.11, 2.34 
RESULT: PGMCacheL (0, 0.000000, 0),    2048,     0.00,  44.08,        10.27,      2.94,       2.91,          0.09,      18.93,        0.00,       3.18,             0.02,       12.87,              0.05,       -nan,             -nan, 50000, 0.23, 1.12, 2.33 
RESULT: PGMCacheL (0, 0.000000, 0),    4096,     0.00,  44.81,        10.61,      2.94,       2.91,          0.10,      18.47,        0.00,       3.25,             0.03,       12.92,              0.05,       -nan,             -nan, 50000, 0.24, 1.12, 2.43 
RESULT: PGMCacheL (0, 0.000000, 0),    8192,     0.00,  44.21,        10.21,      2.94,       2.91,          0.09,      18.98,        0.00,       3.16,             0.02,       12.85,              0.05,       -nan,             -nan, 50000, 0.23, 1.12, 2.33 
RESULT: PGMCacheR (0, 0.000000, 0),      16,     0.00,  44.91,        10.54,      2.94,       2.91,          0.09,      19.25,        0.00,       3.29,             0.03,       12.92,              0.06,       -nan,             -nan, 50000, 0.23, 1.12, 2.33 
RESULT: PGMCacheR (0, 0.000000, 0),       4,     0.00,  46.27,        10.28,      2.94,       2.91,          0.09,      18.33,        0.00,       3.21,             0.03,       12.88,              0.06,       -nan,             -nan, 50000, 0.22, 1.11, 2.52 
RESULT: PGMCacheR (0, 0.000000, 0),       8,     0.00,  45.01,        10.30,      2.94,       2.91,          0.09,      19.32,        0.00,       3.21,             0.03,       12.88,              0.06,       -nan,             -nan, 50000, 0.23, 1.12, 2.33 
RESULT: PGMCacheR (0, 0.000000, 0),      32,     0.00,  44.28,        10.19,      2.94,       2.91,          0.09,      18.98,        0.00,       3.17,             0.03,       12.86,              0.06,       -nan,             -nan, 50000, 0.23, 1.12, 2.33 
RESULT: PGMCacheR (0, 0.000000, 0),      64,     0.00,  44.29,        10.23,      2.94,       2.91,          0.09,      18.99,        0.00,       3.19,             0.03,       12.87,              0.05,       -nan,             -nan, 50000, 0.23, 1.12, 2.33 
RESULT: PGMCacheR (0, 0.000000, 0),     256,     0.00,  44.44,        10.32,      2.94,       2.91,          0.09,      19.06,        0.00,       3.20,             0.02,       12.87,              0.05,       -nan,             -nan, 50000, 0.23, 1.12, 2.33 
RESULT: PGMCacheR (0, 0.000000, 0),    1024,     0.00,  43.09,        10.16,      2.94,       2.91,          0.09,      18.53,        0.00,       3.16,             0.02,       12.86,              0.05,       -nan,             -nan, 50000, 0.24, 1.12, 2.33 
RESULT: PGMCacheR (0, 0.000000, 0),    2048,     0.00,  44.25,        10.22,      2.94,       2.91,          0.09,      18.26,        0.00,       3.17,             0.03,       12.86,              0.05,       -nan,             -nan, 50000, 0.23, 1.12, 2.42 
RESULT: PGMCacheR (0, 0.000000, 0),    4096,     0.00,  44.62,        10.31,      2.94,       2.91,          0.09,      19.17,        0.00,       3.20,             0.03,       12.87,              0.05,       -nan,             -nan, 50000, 0.23, 1.12, 2.33 
RESULT: PGMCacheR (0, 0.000000, 0),    8192,     0.00,  43.26,        10.01,      2.93,       2.91,          0.09,      18.59,        0.00,       3.10,             0.02,       12.82,              0.05,       -nan,             -nan, 50000, 0.23, 1.12, 2.33 
