Repeating lookup code 1 time(s).
Using 1 thread(s).
read 200000000 values from ./data/wiki_ts_200M_uint64 in 766 ms (261.097 M values/s)
data contains duplicates
read 1000000 values from ./data/wiki_ts_200M_uint64_equality_lookups_zipf_1M_1 in 154 ms (6.49351 M values/s)
index, variant, time sec, cycles, instructions, L1-misses, LLC-misses, branch-misses, task-clock, page-faults, DTLB-loads, DTLB-load-misses, DTLB-stores, DTLB-store-misses, ITLB_loads, ITLB_load-misses,   scale,  IPC, CPUs,  GHz 
RESULT:   PGM,      16,     0.07, 225.44,       241.04,      0.76,       0.21,          0.95,      71.02,        0.00,      62.00,             0.04,        7.44,              0.02,       0.01,             0.00, 1000000, 1.07, 1.00, 3.17 
RESULT: PGM,16,66.9975,4604520,5121467932,BinarySearch
RESULT:   PGM,       4,     0.07, 254.19,       255.26,      0.73,       0.21,          0.92,      74.84,        0.00,      66.11,             0.02,        6.51,              0.01,       0.01,             0.00, 1000000, 1.00, 1.00, 3.40 
RESULT: PGM,4,72.3303,45559200,6392829653,BinarySearch
RESULT:   PGM,       8,     0.07, 213.70,       227.62,      0.71,       0.20,          0.98,      66.09,        0.00,      60.36,             0.01,        5.66,              0.00,       0.02,             0.00, 1000000, 1.07, 1.00, 3.23 
RESULT: PGM,8,65.4951,14269300,5643131306,BinarySearch
RESULT:   PGM,      32,     0.07, 230.72,       249.32,      0.76,       0.21,          1.04,      71.22,        0.00,      62.15,             0.02,        6.43,              0.01,       0.01,             0.00, 1000000, 1.08, 1.00, 3.24 
RESULT: PGM,32,69.1239,1721860,4805710371,BinarySearch
RESULT:   PGM,      64,     0.07, 224.76,       258.25,      0.76,       0.21,          1.00,      70.82,        0.00,      62.65,             0.01,        5.65,              0.00,       0.01,             0.00, 1000000, 1.15, 1.00, 3.17 
RESULT: PGM,64,70.2197,754740,4716956820,BinarySearch
RESULT:   PGM,     256,     0.07, 232.61,       279.67,      0.80,       0.21,          1.07,      72.25,        0.00,      64.66,             0.01,        5.66,              0.00,       0.07,             0.00, 1000000, 1.20, 1.00, 3.22 
RESULT: PGM,256,71.6466,222580,4840247981,BinarySearch
RESULT:   PGM,    1024,     0.06, 210.79,       275.05,      0.81,       0.21,          1.09,      63.99,        0.00,      60.74,             0.01,        5.65,              0.00,       0.02,             0.00, 1000000, 1.30, 1.00, 3.29 
RESULT: PGM,1024,63.4002,89600,5275985337,BinarySearch
RESULT:   PGM,    2048,     0.06, 206.65,       285.91,      0.81,       0.22,          1.07,      64.41,        0.00,      61.81,             0.01,        5.66,              0.00,       0.01,             0.00, 1000000, 1.38, 1.00, 3.21 
RESULT: PGM,2048,63.8494,54380,5380426359,BinarySearch
RESULT:   PGM,    4096,     0.06, 204.97,       286.67,      0.83,       0.22,          1.07,      62.64,        0.00,      58.60,             0.01,        4.65,              0.00,       0.01,             0.00, 1000000, 1.40, 1.00, 3.27 
RESULT: PGM,4096,62.034,38680,5717671303,BinarySearch
RESULT:   PGM,    8192,     0.07, 208.88,       307.56,      0.84,       0.23,          1.06,      65.70,        0.00,      63.74,             0.01,        5.65,              0.00,       0.00,             0.00, 1000000, 1.47, 1.00, 3.18 
RESULT: PGM,8192,65.1036,19940,5337211992,BinarySearch
RESULT: PGMCacheL (0, 0.000000, 0),      16,     0.00,   1.98,         0.27,      0.15,       0.15,          0.00,       0.86,        0.00,       0.08,             0.00,        0.62,              0.00,       -nan,             -nan, 1000000, 0.14, 1.13, 2.31 
RESULT: PGMCacheL (0, 0.000000, 0),       4,     0.00,   1.94,         0.24,      0.15,       0.15,          0.00,       0.84,        0.00,       0.07,             0.00,        0.62,              0.00,       -nan,             -nan, 1000000, 0.12, 1.14, 2.31 
RESULT: PGMCacheL (0, 0.000000, 0),       8,     0.00,   1.94,         0.24,      0.15,       0.15,          0.00,       0.84,        0.00,       0.07,             0.00,        0.62,              0.00,       -nan,             -nan, 1000000, 0.12, 1.14, 2.31 
RESULT: PGMCacheL (0, 0.000000, 0),      32,     0.00,   1.96,         0.24,      0.15,       0.15,          0.00,       0.85,        0.00,       0.07,             0.00,        0.62,              0.00,       -nan,             -nan, 1000000, 0.12, 1.13, 2.31 
RESULT: PGMCacheL (0, 0.000000, 0),      64,     0.00,   1.90,         0.24,      0.15,       0.15,          0.00,       0.82,        0.00,       0.07,             0.00,        0.62,              0.00,       -nan,             -nan, 1000000, 0.13, 1.14, 2.30 
RESULT: PGMCacheL (0, 0.000000, 0),     256,     0.00,   2.00,         0.25,      0.15,       0.15,          0.00,       0.89,        0.00,       0.07,             0.00,        0.62,              0.00,       -nan,             -nan, 1000000, 0.13, 1.13, 2.25 
RESULT: PGMCacheL (0, 0.000000, 0),    1024,     0.00,   1.95,         0.24,      0.15,       0.15,          0.00,       0.85,        0.00,       0.07,             0.00,        0.62,              0.00,       -nan,             -nan, 1000000, 0.12, 1.14, 2.31 
RESULT: PGMCacheL (0, 0.000000, 0),    2048,     0.00,   1.94,         0.24,      0.15,       0.15,          0.00,       0.84,        0.00,       0.07,             0.00,        0.62,              0.00,       -nan,             -nan, 1000000, 0.13, 1.14, 2.31 
RESULT: PGMCacheL (0, 0.000000, 0),    4096,     0.00,   1.95,         0.26,      0.15,       0.15,          0.00,       0.84,        0.00,       0.07,             0.00,        0.62,              0.00,       -nan,             -nan, 1000000, 0.13, 1.14, 2.31 
RESULT: PGMCacheL (0, 0.000000, 0),    8192,     0.00,   1.93,         0.24,      0.15,       0.15,          0.00,       0.84,        0.00,       0.07,             0.00,        0.62,              0.00,       -nan,             -nan, 1000000, 0.13, 1.14, 2.31 
RESULT: PGMCacheR (0, 0.000000, 0),      16,     0.00,   1.94,         0.27,      0.15,       0.15,          0.00,       0.87,        0.00,       0.08,             0.00,        0.62,              0.00,       -nan,             -nan, 1000000, 0.14, 1.13, 2.22 
RESULT: PGMCacheR (0, 0.000000, 0),       4,     0.00,   1.95,         0.25,      0.15,       0.15,          0.00,       0.84,        0.00,       0.07,             0.00,        0.62,              0.00,       -nan,             -nan, 1000000, 0.13, 1.14, 2.31 
RESULT: PGMCacheR (0, 0.000000, 0),       8,     0.00,   1.95,         0.25,      0.15,       0.15,          0.00,       0.85,        0.00,       0.07,             0.00,        0.62,              0.00,       -nan,             -nan, 1000000, 0.13, 1.13, 2.31 
RESULT: PGMCacheR (0, 0.000000, 0),      32,     0.00,   1.96,         0.25,      0.15,       0.15,          0.00,       0.85,        0.00,       0.07,             0.00,        0.62,              0.00,       -nan,             -nan, 1000000, 0.13, 1.13, 2.31 
RESULT: PGMCacheR (0, 0.000000, 0),      64,     0.00,   1.98,         0.25,      0.15,       0.15,          0.00,       0.86,        0.00,       0.07,             0.00,        0.62,              0.00,       -nan,             -nan, 1000000, 0.13, 1.13, 2.31 
RESULT: PGMCacheR (0, 0.000000, 0),     256,     0.00,   1.97,         0.25,      0.15,       0.15,          0.00,       0.85,        0.00,       0.07,             0.00,        0.62,              0.00,       -nan,             -nan, 1000000, 0.13, 1.13, 2.31 
RESULT: PGMCacheR (0, 0.000000, 0),    1024,     0.00,   1.90,         0.24,      0.15,       0.15,          0.00,       0.82,        0.00,       0.07,             0.00,        0.62,              0.00,       -nan,             -nan, 1000000, 0.13, 1.14, 2.30 
RESULT: PGMCacheR (0, 0.000000, 0),    2048,     0.00,   1.89,         0.24,      0.15,       0.15,          0.00,       0.82,        0.00,       0.07,             0.00,        0.62,              0.00,       -nan,             -nan, 1000000, 0.13, 1.14, 2.31 
RESULT: PGMCacheR (0, 0.000000, 0),    4096,     0.00,   1.98,         0.26,      0.15,       0.15,          0.00,       0.87,        0.00,       0.08,             0.00,        0.62,              0.00,       -nan,             -nan, 1000000, 0.13, 1.13, 2.28 
RESULT: PGMCacheR (0, 0.000000, 0),    8192,     0.00,   1.89,         0.24,      0.15,       0.15,          0.00,       0.82,        0.00,       0.07,             0.00,        0.62,              0.00,       -nan,             -nan, 1000000, 0.13, 1.14, 2.30 
