index, variant, time sec,  cycles, instructions, L1-misses, LLC-misses, branch-misses, task-clock,   scale,  IPC, CPUs,  GHz 
   RMI,       0,     1.12, 2220.85,       813.10,      5.83,       3.53,          1.85,     638.72, 1750000, 0.37, 1.00, 3.48 
   RMI,       1,     0.79, 1585.23,       564.18,      5.98,       3.56,          1.89,     454.00, 1750000, 0.36, 1.00, 3.49 
   RMI,       2,     0.79, 1577.30,       561.63,      6.39,       3.80,          2.01,     451.74, 1750000, 0.36, 1.00, 3.49 
   RMI,       3,     0.56, 1125.15,       366.53,      9.67,       5.01,          2.65,     322.24, 1750000, 0.33, 1.00, 3.49 
   RMI,       4,     0.82, 1642.03,       584.20,      8.83,       5.06,          2.86,     470.29, 1750000, 0.36, 1.00, 3.49 
   RMI,       5,     0.82, 1629.04,       581.76,      9.94,       5.58,          3.02,     466.55, 1750000, 0.36, 1.00, 3.49 
   RMI,       6,     1.15, 2300.46,       847.40,     13.94,       7.82,          4.45,     658.84, 1750000, 0.37, 1.00, 3.49 
   RMI,       7,     1.29, 2582.36,       876.49,     22.92,      14.05,          7.41,     739.57, 1750000, 0.34, 1.00, 3.49 
   RMI,       8,     1.03, 2063.41,       643.52,     28.14,      18.34,          5.28,     590.94, 1750000, 0.31, 1.00, 3.49 
   RMI,       9,     1.11, 2211.02,       655.61,     32.16,      21.22,          5.56,     633.29, 1750000, 0.30, 1.00, 3.49 
    RS,       1,     0.55, 1090.83,       351.12,      8.74,       4.67,          1.55,     316.13, 1750000, 0.32, 1.00, 3.45 
    RS,       2,     0.56, 1109.25,       395.83,     11.38,       6.24,          2.19,     321.39, 1750000, 0.36, 1.00, 3.45 
    RS,       3,     0.56, 1111.20,       365.24,      9.72,       5.13,          2.45,     321.51, 1750000, 0.33, 1.00, 3.46 
    RS,       4,     0.58, 1142.79,       367.64,     11.17,       5.72,          2.40,     329.96, 1750000, 0.32, 1.00, 3.46 
    RS,       5,     0.57, 1136.86,       370.32,     11.08,       5.61,          2.66,     328.26, 1750000, 0.33, 1.00, 3.46 
    RS,       6,     0.60, 1196.58,       382.17,     14.03,       7.13,          2.98,     345.22, 1750000, 0.32, 1.00, 3.47 
    RS,       7,     0.61, 1210.66,       439.01,     16.45,       6.82,          4.42,     350.47, 1750000, 0.36, 1.00, 3.45 
    RS,       8,     0.62, 1236.49,       391.41,     17.00,       8.69,          3.39,     356.87, 1750000, 0.32, 1.00, 3.46 
    RS,       9,     0.62, 1229.48,       405.67,     17.75,       8.34,          4.05,     354.72, 1750000, 0.33, 1.00, 3.47 
    RS,      10,     0.65, 1290.96,       449.27,     20.34,       9.10,          5.07,     372.39, 1750000, 0.35, 1.00, 3.47 
   PGM,      16,     0.40, 776.61,       287.20,     13.07,       5.04,          3.16,     225.90, 1750000, 0.37, 1.00, 3.44 
   PGM,       4,     0.43, 853.08,       306.75,     14.99,       5.35,          3.42,     248.11, 1750000, 0.36, 1.00, 3.44 
   PGM,       8,     0.40, 794.16,       288.72,     13.48,       5.22,          2.70,     230.09, 1750000, 0.36, 1.00, 3.45 
   PGM,      32,     0.40, 795.13,       295.59,     13.33,       5.76,          3.38,     230.26, 1750000, 0.37, 1.00, 3.45 
   PGM,      64,     0.43, 836.57,       294.61,     14.22,       6.84,          3.58,     243.07, 1750000, 0.35, 1.00, 3.44 
   PGM,     256,     0.46, 897.42,       287.60,     17.85,      11.09,          4.09,     260.51, 1750000, 0.32, 1.00, 3.44 
   PGM,    1024,     0.55, 1083.51,       296.21,     23.29,      16.64,          4.67,     313.78, 1750000, 0.27, 1.00, 3.45 
   PGM,    2048,     0.61, 1213.94,       306.23,     26.98,      20.21,          4.95,     351.14, 1750000, 0.25, 1.00, 3.46 
   PGM,    4096,     0.69, 1367.19,       317.35,     30.32,      23.07,          5.13,     395.04, 1750000, 0.23, 1.00, 3.46 
   PGM,    8192,     0.75, 1483.55,       327.57,     33.13,      24.81,          5.20,     427.53, 1750000, 0.22, 1.00, 3.47 
 PGMMod,      16,     0.39, 768.71,       287.18,     13.00,       5.06,          3.14,     222.95, 1750000, 0.37, 1.00, 3.45 
 PGMMod,       4,     0.43, 836.59,       306.74,     13.22,       5.10,          2.83,     243.09, 1750000, 0.37, 1.00, 3.44 
 PGMMod,       8,     0.40, 794.38,       288.72,     13.44,       5.24,          2.75,     230.30, 1750000, 0.36, 1.00, 3.45 
 PGMMod,      32,     0.41, 802.24,       296.75,     13.37,       5.74,          3.48,     232.55, 1750000, 0.37, 1.00, 3.45 
 PGMMod,      64,     0.41, 806.12,       294.60,     14.24,       6.90,          3.74,     234.37, 1750000, 0.37, 1.00, 3.44 
 PGMMod,     256,     0.45, 887.83,       287.59,     17.85,      11.14,          4.10,     257.06, 1750000, 0.32, 1.00, 3.45 
 PGMMod,    1024,     0.55, 1087.79,       296.21,     23.45,      16.75,          4.68,     314.35, 1750000, 0.27, 1.00, 3.46 
 PGMMod,    2048,     0.62, 1219.36,       306.22,     27.05,      20.31,          5.07,     351.89, 1750000, 0.25, 1.00, 3.47 
 PGMMod,    4096,     0.69, 1361.85,       317.36,     30.47,      23.20,          5.21,     393.52, 1750000, 0.23, 1.00, 3.46 
 PGMMod,    8192,     0.75, 1486.05,       327.57,     33.02,      24.82,          5.12,     428.24, 1750000, 0.22, 1.00, 3.47 
 PGMCache,      16,     0.56, 1111.63,       668.90,     14.70,       4.99,          4.81,     321.03, 1750000, 0.60, 1.00, 3.46 
 PGMCache,       4,     0.59, 1157.98,       678.74,     15.23,       5.10,          4.69,     335.14, 1750000, 0.59, 1.00, 3.46 
 PGMCache,       8,     0.57, 1135.59,       669.47,     14.66,       5.15,          4.45,     327.91, 1750000, 0.59, 1.00, 3.46 
 PGMCache,      32,     0.57, 1130.44,       662.07,     15.32,       5.71,          4.69,     325.86, 1750000, 0.59, 1.00, 3.47 
 PGMCache,      64,     0.58, 1157.86,       673.64,     16.93,       6.85,          5.72,     334.26, 1750000, 0.58, 1.00, 3.46 
 PGMCache,     256,     0.63, 1254.37,       669.72,     19.71,      11.14,          5.83,     361.90, 1750000, 0.53, 1.00, 3.47 
 PGMCache,    1024,     0.72, 1436.13,       657.76,     24.81,      16.71,          5.94,     414.08, 1750000, 0.46, 1.00, 3.47 
 PGMCache,    2048,     0.80, 1579.83,       680.42,     28.34,      20.20,          6.79,     455.96, 1750000, 0.43, 1.00, 3.46 
 PGMCache,    4096,     0.86, 1696.96,       686.53,     30.94,      22.97,          6.96,     488.67, 1750000, 0.40, 1.00, 3.47 
 PGMCache,    8192,     0.92, 1826.28,       692.62,     33.03,      24.79,          6.87,     525.70, 1750000, 0.38, 1.00, 3.47 
 BTree,      32,     0.58, 1149.62,       371.79,     25.04,       8.46,          5.70,     329.23, 1750000, 0.32, 1.00, 3.49 
 BTree,       1,     0.74, 1462.09,       377.45,     28.31,       9.68,          4.71,     421.40, 1750000, 0.26, 1.00, 3.47 
 BTree,       4,     0.65, 1292.61,       366.59,     26.86,       8.26,          5.43,     372.85, 1750000, 0.28, 1.00, 3.47 
 BTree,      16,     0.59, 1174.10,       364.14,     25.04,       8.25,          5.57,     336.25, 1750000, 0.31, 1.00, 3.49 
 BTree,      64,     0.57, 1138.10,       372.84,     24.77,       8.93,          5.88,     325.94, 1750000, 0.33, 1.00, 3.49 
 BTree,     128,     0.56, 1112.69,       368.18,     26.05,      10.12,          6.12,     322.01, 1750000, 0.33, 1.00, 3.46 
 BTree,     512,     0.59, 1173.27,       369.96,     29.83,      14.24,          6.57,     336.01, 1750000, 0.32, 1.00, 3.49 
 BTree,    1024,     0.61, 1200.10,       372.91,     32.73,      16.57,          6.74,     346.27, 1750000, 0.31, 1.00, 3.47 
 BTree,    4096,     0.70, 1390.27,       372.53,     36.81,      21.81,          6.73,     398.17, 1750000, 0.27, 1.00, 3.49 
 BTree,   16384,     0.81, 1603.29,       375.59,     42.80,      26.80,          7.01,     461.20, 1750000, 0.23, 1.00, 3.48 
 BTree,   65536,     0.90, 1791.93,       376.04,     48.98,      31.58,          7.12,     513.20, 1750000, 0.21, 1.00, 3.49 
 BTree,  262144,     0.99, 1976.07,       372.45,     56.56,      36.31,          7.45,     565.94, 1750000, 0.19, 1.00, 3.49 
 FITing,     128,     0.47, 928.64,       391.61,     21.63,       8.59,          4.66,     268.62, 1750000, 0.42, 1.00, 3.46 
 FITing,       8,     0.62, 1226.77,       393.49,     25.42,       8.52,          5.17,     354.82, 1750000, 0.32, 1.00, 3.46 
 FITing,      16,     0.60, 1178.55,       393.75,     23.57,       8.55,          5.00,     340.20, 1750000, 0.33, 1.00, 3.46 
 FITing,      32,     0.52, 1023.61,       389.59,     22.80,       7.40,          5.05,     296.95, 1750000, 0.38, 1.00, 3.45 
 FITing,      64,     0.49, 958.84,       391.55,     21.93,       7.76,          4.65,     277.27, 1750000, 0.41, 1.00, 3.46 
 FITing,     256,     0.47, 928.90,       380.49,     21.92,      10.17,          4.86,     268.20, 1750000, 0.41, 1.00, 3.46 
 FITing,     512,     0.50, 983.88,       369.30,     22.61,      12.47,          4.60,     284.66, 1750000, 0.38, 1.00, 3.46 
 FITing,    1024,     0.53, 1048.97,       360.44,     24.38,      15.38,          4.86,     303.09, 1750000, 0.34, 1.00, 3.46 
