index, variant, time sec,  cycles, instructions, L1-misses, LLC-misses, branch-misses, task-clock,   scale,  IPC, CPUs,  GHz 
   RMI,       0,     0.61, 2109.33,       585.28,     10.41,       8.27,          3.00,     610.59, 1000000, 0.28, 1.00, 3.45 
   RMI,       1,     0.62, 2146.17,       587.26,     11.51,       9.42,          3.31,     621.34, 1000000, 0.27, 1.00, 3.45 
   RMI,       2,     0.63, 2182.05,       581.97,     12.97,      10.90,          3.60,     633.36, 1000000, 0.27, 1.00, 3.45 
   RMI,       3,     0.67, 2330.21,       610.19,     17.11,      14.91,          4.34,     673.83, 1000000, 0.26, 1.00, 3.46 
   RMI,       4,     0.70, 2419.05,       605.85,     19.65,      17.44,          4.66,     701.86, 1000000, 0.25, 1.00, 3.45 
   RMI,       5,     0.72, 2487.64,       606.80,     22.56,      20.28,          5.01,     716.23, 1000000, 0.24, 1.00, 3.47 
   RMI,       6,     0.73, 2507.56,       614.54,     25.68,      23.19,          5.41,     725.74, 1000000, 0.25, 1.00, 3.46 
   RMI,       7,     0.73, 2542.26,       635.81,     32.18,      29.09,          6.05,     733.72, 1000000, 0.25, 1.00, 3.46 
   RMI,       8,     0.92, 3202.22,       667.91,     46.29,      42.69,          7.78,     917.09, 1000000, 0.21, 1.00, 3.49 
   RMI,       9,     0.98, 3426.67,       686.63,     54.48,      49.05,          8.47,     981.52, 1000000, 0.20, 1.00, 3.49 
    RS,       1,     0.87, 3013.99,       631.98,     57.26,      32.38,         13.88,     867.85, 1000000, 0.21, 1.00, 3.47 
    RS,       2,     0.76, 2654.35,       625.12,     48.09,      24.91,         14.09,     764.84, 1000000, 0.24, 1.00, 3.47 
    RS,       3,     0.76, 2629.04,       626.01,     47.76,      24.70,         14.06,     759.46, 1000000, 0.24, 1.00, 3.46 
    RS,       4,     0.71, 2460.67,       622.50,     46.30,      20.96,         14.15,     709.61, 1000000, 0.25, 1.00, 3.47 
    RS,       5,     0.73, 2504.32,       623.08,     46.31,      21.16,         14.20,     725.88, 1000000, 0.25, 1.00, 3.45 
    RS,       6,     0.69, 2387.96,       631.17,     46.75,      20.13,         14.18,     688.55, 1000000, 0.26, 1.00, 3.47 
    RS,       7,     0.67, 2335.15,       633.32,     49.71,      21.33,         14.58,     673.69, 1000000, 0.27, 1.00, 3.47 
    RS,       8,     0.66, 2297.89,       620.76,     49.48,      21.08,         14.62,     662.77, 1000000, 0.27, 1.00, 3.47 
    RS,       9,     0.66, 2294.90,       620.56,     49.50,      21.08,         14.61,     661.91, 1000000, 0.27, 1.00, 3.47 
    RS,      10,     0.68, 2358.44,       620.57,     49.49,      21.02,         14.51,     681.90, 1000000, 0.26, 1.00, 3.46 
   PGM,      16,     0.41, 1399.03,       293.43,     21.98,      11.63,          6.17,     405.54, 1000000, 0.21, 1.00, 3.45 
   PGM,       4,     0.43, 1480.98,       345.94,     20.58,      10.82,          5.69,     428.78, 1000000, 0.23, 1.00, 3.45 
   PGM,       8,     0.41, 1400.79,       313.42,     20.32,      10.30,          6.20,     405.85, 1000000, 0.22, 1.00, 3.45 
   PGM,      32,     0.43, 1496.39,       318.61,     20.58,      13.17,          6.28,     434.65, 1000000, 0.21, 1.00, 3.44 
   PGM,      64,     0.46, 1596.62,       330.72,     23.21,      15.83,          7.07,     461.90, 1000000, 0.21, 1.00, 3.46 
   PGM,     256,     0.48, 1645.68,       319.16,     30.46,      21.66,          7.85,     477.41, 1000000, 0.19, 1.00, 3.45 
   PGM,    1024,     0.54, 1865.21,       316.27,     37.16,      30.81,          7.99,     538.83, 1000000, 0.17, 1.00, 3.46 
   PGM,    2048,     0.60, 2091.57,       352.56,     42.35,      36.21,          8.78,     603.65, 1000000, 0.17, 1.00, 3.46 
   PGM,    4096,     0.66, 2285.41,       331.35,     47.81,      41.69,          9.38,     659.15, 1000000, 0.14, 1.00, 3.47 
   PGM,    8192,     0.72, 2477.37,       330.24,     50.36,      44.57,          9.11,     715.59, 1000000, 0.13, 1.00, 3.46 
   ART,       1,     0.55, 1888.19,       525.17,     16.32,      10.60,          1.41,     545.44, 1000000, 0.28, 1.00, 3.46 
   ART,      32,     0.48, 1655.89,       457.16,     17.97,      12.59,          4.09,     480.34, 1000000, 0.28, 1.00, 3.45 
   ART,      64,     0.46, 1602.45,       443.87,     18.80,      13.75,          4.50,     458.93, 1000000, 0.28, 1.00, 3.49 
   ART,     128,     0.47, 1644.99,       435.03,     21.32,      16.28,          5.19,     471.13, 1000000, 0.26, 1.00, 3.49 
   ART,     256,     0.48, 1662.79,       426.69,     24.90,      19.44,          5.83,     480.73, 1000000, 0.26, 1.00, 3.46 
   ART,     512,     0.50, 1742.53,       422.31,     30.23,      23.92,          6.47,     499.05, 1000000, 0.24, 1.00, 3.49 
   ART,    1024,     0.52, 1816.74,       434.56,     34.67,      25.80,          7.42,     520.28, 1000000, 0.24, 1.00, 3.49 
   ART,    2048,     0.54, 1869.87,       469.98,     37.52,      28.48,          7.76,     535.60, 1000000, 0.25, 1.00, 3.49 
   ART,    4096,     0.62, 2160.31,       495.30,     42.88,      36.95,          8.33,     618.73, 1000000, 0.23, 1.00, 3.49 
   ART,    8192,     0.69, 2408.06,       484.54,     49.03,      42.82,          8.87,     689.63, 1000000, 0.20, 1.00, 3.49 
 BTree,      32,     0.52, 1815.84,       362.71,     27.99,      14.70,          9.90,     524.82, 1000000, 0.20, 1.00, 3.46 
 BTree,       1,     0.67, 2317.38,       380.49,     32.74,      17.71,          8.29,     669.06, 1000000, 0.16, 1.00, 3.46 
 BTree,       4,     0.60, 2075.17,       368.96,     28.89,      14.12,          9.37,     598.97, 1000000, 0.18, 1.00, 3.46 
 BTree,      16,     0.54, 1883.67,       374.84,     27.77,      14.25,          9.63,     539.47, 1000000, 0.20, 1.00, 3.49 
 BTree,      64,     0.51, 1788.56,       355.97,     29.70,      15.33,         10.39,     512.21, 1000000, 0.20, 1.00, 3.49 
 BTree,     128,     0.52, 1806.07,       365.68,     30.33,      17.37,         10.74,     523.73, 1000000, 0.20, 1.00, 3.45 
 BTree,     512,     0.55, 1905.64,       359.53,     37.02,      24.68,         11.63,     545.75, 1000000, 0.19, 1.00, 3.49 
 BTree,    1024,     0.57, 1987.92,       368.60,     42.30,      29.07,         11.85,     569.32, 1000000, 0.19, 1.00, 3.49 
 BTree,    4096,     0.63, 2184.26,       370.77,     49.54,      37.58,         12.21,     625.56, 1000000, 0.17, 1.00, 3.49 
 BTree,   16384,     0.76, 2639.63,       365.67,     57.41,      46.23,         12.66,     761.61, 1000000, 0.14, 1.00, 3.47 
 BTree,   65536,     0.79, 2760.71,       374.99,     67.38,      52.98,         12.40,     790.63, 1000000, 0.14, 1.00, 3.49 
 BTree,  262144,     0.89, 3104.64,       371.10,     76.94,      59.50,         12.90,     892.80, 1000000, 0.12, 1.00, 3.48 
 FITing,     128,     0.59, 2028.84,       401.98,     33.30,      21.50,         10.57,     585.71, 1000000, 0.20, 1.00, 3.46 
 FITing,       8,     0.57, 1966.80,       397.14,     29.14,      15.12,          9.03,     567.48, 1000000, 0.20, 1.00, 3.47 
 FITing,      16,     0.59, 2022.32,       393.78,     28.83,      16.23,          9.54,     585.27, 1000000, 0.19, 1.00, 3.46 
 FITing,      32,     0.56, 1952.08,       394.77,     29.76,      17.01,          9.81,     563.70, 1000000, 0.20, 1.00, 3.46 
 FITing,      64,     0.59, 2050.04,       413.54,     31.44,      19.40,         10.25,     591.52, 1000000, 0.20, 1.00, 3.47 
 FITing,     256,     0.58, 2006.95,       397.68,     36.73,      23.18,         11.24,     580.88, 1000000, 0.20, 1.00, 3.45 
 FITing,     512,     0.59, 2038.39,       402.55,     39.74,      26.14,         10.99,     588.42, 1000000, 0.20, 1.00, 3.46 
 FITing,    1024,     0.58, 2027.64,       398.14,     43.36,      29.12,         11.28,     584.89, 1000000, 0.20, 1.00, 3.47 
