index, variant, time sec,  cycles, instructions, L1-misses, LLC-misses, branch-misses, task-clock,   scale,  IPC, CPUs,  GHz 
   RMI,       0,     1.37, 3180.51,       973.35,     16.27,      10.63,          4.22,     914.12, 1500000, 0.31, 1.00, 3.48 
   RMI,       1,     1.39, 3235.14,       976.87,     18.80,      12.54,          4.73,     926.52, 1500000, 0.30, 1.00, 3.49 
   RMI,       2,     1.42, 3308.64,       978.58,     21.76,      14.68,          4.98,     947.57, 1500000, 0.30, 1.00, 3.49 
   RMI,       3,     0.70, 1638.85,       413.13,     26.00,      17.03,          5.09,     469.37, 1500000, 0.25, 1.00, 3.49 
   RMI,       4,     1.53, 3566.83,      1016.85,     32.38,      22.07,          6.04,    1021.51, 1500000, 0.29, 1.00, 3.49 
   RMI,       5,     1.57, 3660.69,      1018.89,     35.91,      24.85,          6.37,    1048.41, 1500000, 0.28, 1.00, 3.49 
   RMI,       6,     0.89, 2072.54,       454.97,     40.95,      27.84,          6.44,     593.56, 1500000, 0.22, 1.00, 3.49 
   RMI,       7,     1.20, 2796.65,       680.07,     47.26,      32.48,          7.08,     800.90, 1500000, 0.24, 1.00, 3.49 
   RMI,       8,     1.49, 3463.64,       739.64,     66.77,      42.70,          8.79,     991.93, 1500000, 0.21, 1.00, 3.49 
   RMI,       9,     1.68, 3906.19,       769.92,     79.31,      48.00,          9.90,    1118.68, 1500000, 0.20, 1.00, 3.49 
    RS,       1,     0.56, 1285.66,       378.62,     12.48,       7.23,          3.13,     372.53, 1500000, 0.29, 1.00, 3.45 
    RS,       2,     0.60, 1373.32,       417.72,     15.75,       9.35,          4.16,     397.80, 1500000, 0.30, 1.00, 3.45 
    RS,       3,     0.58, 1338.46,       396.62,     15.36,       8.67,          3.89,     386.48, 1500000, 0.30, 1.00, 3.46 
    RS,       4,     0.61, 1412.01,       412.98,     17.95,      10.10,          4.30,     408.71, 1500000, 0.29, 1.00, 3.45 
    RS,       5,     0.64, 1475.01,       424.16,     20.85,      11.70,          4.66,     425.39, 1500000, 0.29, 1.00, 3.47 
    RS,       6,     0.67, 1542.54,       433.55,     24.28,      13.58,          5.00,     444.97, 1500000, 0.28, 1.00, 3.47 
    RS,       7,     0.72, 1656.23,       435.24,     28.34,      16.25,          5.57,     478.64, 1500000, 0.26, 1.00, 3.46 
    RS,       8,     0.71, 1626.86,       494.88,     28.64,      12.64,          7.13,     470.23, 1500000, 0.30, 1.00, 3.46 
    RS,       9,     0.74, 1703.60,       512.35,     33.45,      15.34,          7.98,     492.28, 1500000, 0.30, 1.00, 3.46 
    RS,      10,     0.73, 1696.39,       512.34,     33.42,      15.32,          8.01,     489.11, 1500000, 0.30, 1.00, 3.47 
   PGM,      16,     0.48, 1117.03,       372.10,     19.28,       7.27,          5.38,     322.86, 1500000, 0.33, 1.00, 3.46 
   PGM,       4,     0.51, 1171.85,       367.32,     27.85,       9.08,          6.21,     339.67, 1500000, 0.31, 1.00, 3.45 
   PGM,       8,     0.47, 1073.92,       365.69,     19.02,       6.56,          5.04,     310.83, 1500000, 0.34, 1.00, 3.46 
   PGM,      32,     0.48, 1113.92,       358.49,     20.05,       8.43,          5.27,     323.15, 1500000, 0.32, 1.00, 3.45 
   PGM,      64,     0.50, 1155.78,       365.57,     21.63,       9.80,          5.91,     335.07, 1500000, 0.32, 1.00, 3.45 
   PGM,     256,     0.54, 1242.90,       375.10,     26.73,      14.22,          6.99,     359.05, 1500000, 0.30, 1.00, 3.46 
   PGM,    1024,     0.64, 1484.01,       392.31,     33.22,      21.09,          7.24,     428.10, 1500000, 0.26, 1.00, 3.47 
   PGM,    2048,     0.68, 1572.83,       377.25,     37.34,      24.98,          7.46,     453.28, 1500000, 0.24, 1.00, 3.47 
   PGM,    4096,     0.76, 1765.50,       381.67,     41.00,      28.95,          7.78,     508.72, 1500000, 0.22, 1.00, 3.47 
   PGM,    8192,     0.86, 1980.19,       390.30,     43.65,      30.82,          8.27,     570.06, 1500000, 0.20, 1.00, 3.47 
 PGMMod,      16,     0.48, 1108.58,       372.07,     19.17,       7.29,          5.18,     320.47, 1500000, 0.34, 1.00, 3.46 
 PGMMod,       4,     0.47, 1073.90,       367.28,     19.34,       6.40,          5.28,     311.63, 1500000, 0.34, 1.00, 3.45 
 PGMMod,       8,     0.46, 1071.36,       365.69,     18.99,       6.58,          5.06,     309.99, 1500000, 0.34, 1.00, 3.46 
 PGMMod,      32,     0.49, 1124.46,       358.49,     20.16,       8.40,          5.59,     325.00, 1500000, 0.32, 1.00, 3.46 
 PGMMod,      64,     0.50, 1154.20,       365.57,     21.58,       9.84,          6.05,     333.50, 1500000, 0.32, 1.00, 3.46 
 PGMMod,     256,     0.53, 1234.37,       375.09,     26.53,      14.20,          6.97,     356.49, 1500000, 0.30, 1.00, 3.46 
 PGMMod,    1024,     0.64, 1488.64,       392.31,     33.53,      21.11,          7.32,     429.42, 1500000, 0.26, 1.00, 3.47 
 PGMMod,    2048,     0.68, 1582.12,       377.25,     37.24,      25.02,          7.62,     456.35, 1500000, 0.24, 1.00, 3.47 
 PGMMod,    4096,     0.76, 1769.62,       381.67,     41.09,      29.00,          7.72,     509.89, 1500000, 0.22, 1.00, 3.47 
 PGMMod,    8192,     0.85, 1966.55,       390.31,     42.90,      30.76,          7.84,     567.17, 1500000, 0.20, 1.00, 3.47 
 PGMCache,      16,     0.63, 1462.60,       762.47,     20.86,       7.18,          6.65,     422.94, 1500000, 0.52, 1.00, 3.46 
 PGMCache,       4,     0.62, 1425.29,       757.86,     21.10,       6.38,          6.57,     412.24, 1500000, 0.53, 1.00, 3.46 
 PGMCache,       8,     0.62, 1427.06,       757.92,     20.73,       6.42,          6.50,     411.80, 1500000, 0.53, 1.00, 3.47 
 PGMCache,      32,     0.64, 1482.27,       740.26,     22.02,       8.27,          6.97,     427.61, 1500000, 0.50, 1.00, 3.47 
 PGMCache,      64,     0.66, 1522.89,       758.65,     26.06,       9.85,          7.63,     440.20, 1500000, 0.50, 1.00, 3.46 
 PGMCache,     256,     0.71, 1640.09,       765.15,     28.21,      14.07,          8.34,     473.76, 1500000, 0.47, 1.00, 3.46 
 PGMCache,    1024,     0.81, 1863.49,       763.49,     34.78,      20.99,          9.05,     536.79, 1500000, 0.41, 1.00, 3.47 
 PGMCache,    2048,     0.84, 1947.62,       766.63,     38.42,      24.87,          8.55,     560.71, 1500000, 0.39, 1.00, 3.47 
 PGMCache,    4096,     0.92, 2138.86,       769.60,     41.96,      28.87,          8.84,     615.65, 1500000, 0.36, 1.00, 3.47 
 PGMCache,    8192,     1.01, 2343.13,       775.26,     43.64,      30.81,          9.21,     675.49, 1500000, 0.33, 1.00, 3.47 
 BTree,      32,     0.57, 1325.90,       373.12,     26.21,      10.01,          6.64,     379.72, 1500000, 0.28, 1.00, 3.49 
 BTree,       1,     0.72, 1672.47,       376.87,     29.12,      11.30,          5.50,     482.09, 1500000, 0.23, 1.00, 3.47 
 BTree,       4,     0.64, 1480.27,       365.97,     27.73,       9.67,          6.32,     427.19, 1500000, 0.25, 1.00, 3.47 
 BTree,      16,     0.58, 1353.96,       365.17,     26.15,       9.69,          6.49,     387.76, 1500000, 0.27, 1.00, 3.49 
 BTree,      64,     0.56, 1311.40,       373.08,     26.00,      10.53,          6.89,     375.58, 1500000, 0.28, 1.00, 3.49 
 BTree,     128,     0.56, 1284.78,       367.07,     27.43,      11.92,          7.16,     370.23, 1500000, 0.29, 1.00, 3.47 
 BTree,     512,     0.58, 1346.20,       368.94,     31.79,      16.57,          7.67,     385.59, 1500000, 0.27, 1.00, 3.49 
 BTree,    1024,     0.60, 1393.10,       370.34,     34.99,      19.31,          7.93,     401.27, 1500000, 0.27, 1.00, 3.47 
 BTree,    4096,     0.66, 1535.26,       370.43,     40.45,      25.37,          7.86,     439.67, 1500000, 0.24, 1.00, 3.49 
 BTree,   16384,     0.78, 1788.70,       375.68,     45.80,      30.76,          8.27,     522.00, 1500000, 0.21, 1.00, 3.43 
 BTree,   65536,     0.86, 1991.45,       376.11,     53.90,      36.34,          8.53,     570.32, 1500000, 0.19, 1.00, 3.49 
 BTree,  262144,     0.96, 2223.05,       372.73,     63.83,      42.44,          9.07,     636.66, 1500000, 0.17, 1.00, 3.49 
 FITing,     128,     0.59, 1355.70,       394.78,     28.52,      13.05,          7.01,     392.33, 1500000, 0.29, 1.00, 3.46 
 FITing,       8,     0.59, 1371.43,       385.79,     26.14,       9.74,          6.06,     395.85, 1500000, 0.28, 1.00, 3.46 
 FITing,      16,     0.59, 1351.12,       390.53,     25.63,      10.03,          6.21,     391.01, 1500000, 0.29, 1.00, 3.46 
 FITing,      32,     0.61, 1399.88,       397.36,     26.12,      11.39,          6.39,     403.72, 1500000, 0.28, 1.00, 3.47 
 FITing,      64,     0.58, 1338.10,       395.35,     26.92,      11.54,          6.45,     386.32, 1500000, 0.30, 1.00, 3.46 
 FITing,     256,     0.59, 1361.21,       394.40,     30.74,      14.80,          7.36,     392.64, 1500000, 0.29, 1.00, 3.47 
 FITing,     512,     0.61, 1395.89,       400.03,     33.09,      16.74,          7.24,     403.83, 1500000, 0.29, 1.00, 3.46 
 FITing,    1024,     0.64, 1467.44,       394.58,     35.89,      19.77,          7.97,     423.35, 1500000, 0.27, 1.00, 3.47 
