index, variant, time sec,  cycles, instructions, L1-misses, LLC-misses, branch-misses, task-clock,   scale,  IPC, CPUs,  GHz 
   RMI,       0,     1.06, 3523.72,       978.77,     18.04,      15.15,          4.67,    1013.61, 1050000, 0.28, 1.00, 3.48 
   RMI,       1,     1.08, 3600.85,       981.04,     20.78,      17.84,          5.23,    1031.25, 1050000, 0.27, 1.00, 3.49 
   RMI,       2,     1.11, 3677.02,       978.54,     24.04,      20.77,          5.71,    1053.04, 1050000, 0.27, 1.00, 3.49 
   RMI,       3,     0.59, 1976.66,       417.72,     28.50,      23.94,          5.81,     566.09, 1050000, 0.21, 1.00, 3.49 
   RMI,       4,     1.23, 4080.26,      1020.41,     35.73,      31.63,          6.99,    1168.56, 1050000, 0.25, 1.00, 3.49 
   RMI,       5,     1.25, 4166.23,      1018.69,     40.50,      35.40,          7.43,    1193.18, 1050000, 0.24, 1.00, 3.49 
   RMI,       6,     0.77, 2568.64,       455.32,     46.62,      39.66,          7.65,     735.73, 1050000, 0.18, 1.00, 3.49 
   RMI,       7,     1.01, 3362.04,       679.96,     55.03,      46.26,          8.51,     962.86, 1050000, 0.20, 1.00, 3.49 
   RMI,       8,     1.26, 4180.83,       739.36,     79.11,      60.76,         10.61,    1197.36, 1050000, 0.18, 1.00, 3.49 
   RMI,       9,     1.42, 4726.14,       770.37,     95.70,      68.36,         11.87,    1353.67, 1050000, 0.16, 1.00, 3.49 
    RS,       1,     0.46, 1525.79,       379.97,     13.92,      10.41,          3.37,     441.12, 1050000, 0.25, 1.00, 3.46 
    RS,       2,     0.50, 1637.69,       418.72,     17.36,      12.98,          4.76,     473.91, 1050000, 0.26, 1.00, 3.46 
    RS,       3,     0.48, 1590.03,       397.36,     16.71,      12.37,          4.26,     459.85, 1050000, 0.25, 1.00, 3.46 
    RS,       4,     0.52, 1699.14,       416.41,     19.42,      14.40,          4.76,     491.15, 1050000, 0.25, 1.00, 3.46 
    RS,       5,     0.54, 1765.41,       428.45,     22.58,      16.66,          5.23,     511.81, 1050000, 0.24, 1.00, 3.45 
    RS,       6,     0.56, 1854.30,       437.96,     26.26,      19.27,          5.78,     535.51, 1050000, 0.24, 1.00, 3.46 
    RS,       7,     0.59, 1955.95,       435.92,     30.44,      22.96,          6.46,     564.61, 1050000, 0.22, 1.00, 3.46 
    RS,       8,     0.58, 1916.28,       495.16,     30.94,      18.00,          8.69,     553.07, 1050000, 0.26, 1.00, 3.46 
    RS,       9,     0.62, 2047.20,       512.91,     36.29,      21.80,          9.91,     590.76, 1050000, 0.25, 1.00, 3.47 
    RS,      10,     0.62, 2047.60,       512.92,     36.27,      21.81,          9.87,     590.87, 1050000, 0.25, 1.00, 3.47 
   PGM,      16,     0.44, 1433.69,       371.98,     21.05,      10.31,          7.24,     416.40, 1050000, 0.26, 1.00, 3.44 
   PGM,       4,     0.42, 1394.44,       367.15,     30.70,      13.02,          7.19,     403.78, 1050000, 0.26, 1.00, 3.45 
   PGM,       8,     0.42, 1380.72,       365.83,     20.58,       9.34,          6.95,     400.11, 1050000, 0.26, 1.00, 3.45 
   PGM,      32,     0.44, 1457.88,       358.49,     22.25,      11.99,          7.34,     422.47, 1050000, 0.25, 1.00, 3.45 
   PGM,      64,     0.46, 1510.67,       365.74,     24.34,      13.97,          8.07,     438.45, 1050000, 0.24, 1.00, 3.45 
   PGM,     256,     0.50, 1637.19,       375.26,     31.10,      20.32,          9.55,     473.29, 1050000, 0.23, 1.00, 3.46 
   PGM,    1024,     0.60, 1989.35,       392.85,     39.94,      30.04,         10.04,     575.22, 1050000, 0.20, 1.00, 3.46 
   PGM,    2048,     0.64, 2107.58,       377.52,     45.24,      35.58,         10.38,     608.05, 1050000, 0.18, 1.00, 3.47 
   PGM,    4096,     0.71, 2344.18,       381.96,     49.76,      40.96,         10.72,     675.75, 1050000, 0.16, 1.00, 3.47 
   PGM,    8192,     0.79, 2600.13,       390.45,     53.13,      43.81,         11.27,     749.29, 1050000, 0.15, 1.00, 3.47 
 PGMMod,      16,     0.44, 1428.38,       371.96,     20.95,      10.32,          7.10,     414.88, 1050000, 0.26, 1.00, 3.44 
 PGMMod,       4,     0.42, 1365.41,       367.17,     20.68,       9.07,          6.94,     395.90, 1050000, 0.27, 1.00, 3.45 
 PGMMod,       8,     0.42, 1383.55,       365.83,     20.56,       9.45,          6.97,     402.21, 1050000, 0.26, 1.00, 3.44 
 PGMMod,      32,     0.45, 1462.63,       358.49,     22.32,      11.89,          7.64,     424.39, 1050000, 0.25, 1.00, 3.45 
 PGMMod,      64,     0.46, 1517.47,       365.76,     24.45,      14.03,          8.38,     438.80, 1050000, 0.24, 1.00, 3.46 
 PGMMod,     256,     0.50, 1628.25,       375.27,     31.11,      20.31,          9.58,     472.30, 1050000, 0.23, 1.00, 3.45 
 PGMMod,    1024,     0.60, 1975.68,       392.84,     40.11,      30.08,          9.92,     570.24, 1050000, 0.20, 1.00, 3.46 
 PGMMod,    2048,     0.64, 2106.13,       377.53,     44.99,      35.58,         10.44,     607.67, 1050000, 0.18, 1.00, 3.47 
 PGMMod,    4096,     0.73, 2393.66,       381.97,     50.32,      41.28,         10.63,     691.37, 1050000, 0.16, 1.00, 3.46 
 PGMMod,    8192,     0.79, 2610.54,       390.44,     52.09,      43.75,         10.83,     752.29, 1050000, 0.15, 1.00, 3.47 
 PGMCache,      16,     0.60, 1962.48,       896.16,     28.20,      10.19,          9.48,     566.68, 1050000, 0.46, 1.00, 3.46 
 PGMCache,       4,     0.59, 1954.41,       889.58,     28.44,       9.06,          9.36,     565.82, 1050000, 0.46, 1.00, 3.45 
 PGMCache,       8,     0.58, 1915.41,       889.66,     27.92,       9.14,          9.24,     554.36, 1050000, 0.46, 1.00, 3.46 
 PGMCache,      32,     0.60, 1988.99,       873.42,     29.82,      11.79,          9.79,     574.07, 1050000, 0.44, 1.00, 3.46 
 PGMCache,      64,     0.64, 2093.41,       890.70,     35.68,      14.16,         10.60,     605.70, 1050000, 0.43, 1.00, 3.46 
 PGMCache,     256,     0.66, 2170.02,       899.95,     38.59,      20.15,         11.23,     625.97, 1050000, 0.41, 1.00, 3.47 
 PGMCache,    1024,     0.76, 2518.06,       906.60,     48.10,      30.02,         11.83,     726.01, 1050000, 0.36, 1.00, 3.47 
 PGMCache,    2048,     0.82, 2704.33,       902.11,     53.27,      35.59,         12.22,     780.33, 1050000, 0.33, 1.00, 3.47 
 PGMCache,    4096,     0.88, 2901.48,       906.31,     58.08,      40.93,         12.56,     835.60, 1050000, 0.31, 1.00, 3.47 
 PGMCache,    8192,     0.96, 3187.44,       914.41,     60.44,      43.84,         12.79,     919.01, 1050000, 0.29, 1.00, 3.47 
 BTree,      32,     0.53, 1778.21,       375.86,     28.30,      14.19,          9.45,     509.26, 1050000, 0.21, 1.00, 3.49 
 BTree,       1,     0.68, 2235.13,       381.11,     30.72,      16.13,          7.83,     644.56, 1050000, 0.17, 1.00, 3.47 
 BTree,       4,     0.62, 1962.29,       369.05,     29.23,      13.58,          9.04,     568.76, 1050000, 0.19, 0.97, 3.45 
 BTree,      16,     0.54, 1796.45,       367.42,     28.11,      13.62,          9.27,     514.47, 1050000, 0.20, 1.00, 3.49 
 BTree,      64,     0.54, 1782.79,       376.85,     28.70,      15.17,          9.79,     510.57, 1050000, 0.21, 1.00, 3.49 
 BTree,     128,     0.53, 1723.13,       366.91,     30.55,      16.89,         10.19,     500.03, 1050000, 0.21, 1.00, 3.45 
 BTree,     512,     0.55, 1823.60,       368.69,     36.56,      23.75,         10.90,     522.25, 1050000, 0.20, 1.00, 3.49 
 BTree,    1024,     0.57, 1888.32,       369.81,     41.71,      27.99,         11.23,     546.47, 1050000, 0.20, 1.00, 3.46 
 BTree,    4096,     0.65, 2163.74,       371.54,     48.55,      36.79,         11.19,     619.70, 1050000, 0.17, 1.00, 3.49 
 BTree,   16384,     0.75, 2483.28,       374.55,     55.47,      43.79,         11.61,     715.67, 1050000, 0.15, 1.00, 3.47 
 BTree,   65536,     0.85, 2821.96,       376.16,     63.86,      51.13,         11.73,     808.15, 1050000, 0.13, 1.00, 3.49 
 BTree,  262144,     0.87, 2886.13,       372.04,     76.26,      57.19,         12.30,     826.58, 1050000, 0.13, 1.00, 3.49 
 FITing,     128,     0.55, 1811.05,       397.30,     31.34,      18.37,          9.81,     524.76, 1050000, 0.22, 1.00, 3.45 
 FITing,       8,     0.58, 1907.47,       388.04,     27.74,      14.54,          8.59,     550.69, 1050000, 0.20, 1.00, 3.46 
 FITing,      16,     0.58, 1904.62,       391.81,     27.23,      14.75,          8.80,     551.79, 1050000, 0.21, 1.00, 3.45 
 FITing,      32,     0.56, 1857.75,       397.11,     28.14,      16.15,          9.08,     537.98, 1050000, 0.21, 1.00, 3.45 
 FITing,      64,     0.54, 1768.17,       396.33,     29.50,      16.23,          9.16,     510.83, 1050000, 0.22, 1.00, 3.46 
 FITing,     256,     0.55, 1809.11,       394.16,     34.71,      20.86,         10.42,     523.63, 1050000, 0.22, 1.00, 3.45 
 FITing,     512,     0.59, 1958.17,       400.58,     38.16,      23.97,         10.23,     566.26, 1050000, 0.20, 1.00, 3.46 
 FITing,    1024,     0.59, 1941.51,       394.53,     41.69,      27.85,         11.20,     560.46, 1050000, 0.20, 1.00, 3.46 
