index, variant, time sec,  cycles, instructions, L1-misses, LLC-misses, branch-misses, task-clock,   scale,  IPC, CPUs,  GHz 
   RMI,       0,     1.03, 3580.68,       978.44,     18.45,      15.90,          4.74,    1031.94, 1000000, 0.27, 1.00, 3.47 
   RMI,       1,     1.05, 3641.45,       973.46,     21.28,      18.64,          5.33,    1049.85, 1000000, 0.27, 1.00, 3.47 
   RMI,       2,     1.06, 3690.56,       977.22,     24.62,      21.66,          5.75,    1056.95, 1000000, 0.26, 1.00, 3.49 
   RMI,       3,     0.56, 1956.68,       423.89,     29.33,      25.15,          5.94,     560.38, 1000000, 0.22, 1.00, 3.49 
   RMI,       4,     1.17, 4076.96,      1019.55,     36.92,      32.93,          7.18,    1167.62, 1000000, 0.25, 1.00, 3.49 
   RMI,       5,     1.18, 4115.97,      1017.31,     41.56,      37.12,          7.55,    1179.10, 1000000, 0.25, 1.00, 3.49 
   RMI,       6,     0.77, 2690.60,       454.12,     47.65,      41.82,          7.86,     770.68, 1000000, 0.17, 1.00, 3.49 
   RMI,       7,     0.97, 3387.14,       685.68,     56.53,      48.67,          8.67,     970.18, 1000000, 0.20, 1.00, 3.49 
   RMI,       8,     1.24, 4324.60,       731.19,     81.60,      63.72,         10.87,    1238.72, 1000000, 0.17, 1.00, 3.49 
   RMI,       9,     1.37, 4796.18,       769.36,     97.98,      71.93,         12.06,    1374.00, 1000000, 0.16, 1.00, 3.49 
    RS,       1,     0.45, 1551.34,       378.80,     14.08,      10.53,          3.43,     448.51, 1000000, 0.24, 1.00, 3.46 
    RS,       2,     0.48, 1672.59,       417.64,     18.09,      14.05,          4.86,     483.26, 1000000, 0.25, 1.00, 3.46 
    RS,       3,     0.48, 1641.15,       396.41,     17.14,      13.17,          4.37,     477.59, 1000000, 0.24, 1.00, 3.44 
    RS,       4,     0.50, 1728.34,       415.85,     19.85,      15.11,          4.85,     500.30, 1000000, 0.24, 1.00, 3.45 
    RS,       5,     0.53, 1821.17,       427.74,     23.19,      17.85,          5.35,     526.25, 1000000, 0.23, 1.00, 3.46 
    RS,       6,     0.55, 1915.38,       437.62,     26.90,      20.84,          5.93,     553.40, 1000000, 0.23, 1.00, 3.46 
    RS,       7,     0.59, 2020.04,       434.57,     31.35,      24.30,          6.47,     585.24, 1000000, 0.22, 1.00, 3.45 
    RS,       8,     0.58, 2025.90,       493.88,     31.72,      20.40,          9.13,     584.88, 1000000, 0.24, 1.00, 3.46 
    RS,       9,     0.62, 2138.81,       511.67,     37.06,      23.71,         10.21,     617.24, 1000000, 0.24, 1.00, 3.47 
    RS,      10,     0.62, 2134.43,       511.64,     37.02,      23.67,         10.16,     615.96, 1000000, 0.24, 1.00, 3.47 
   PGM,      16,     0.44, 1514.69,       371.11,     28.70,      13.19,          7.69,     438.67, 1000000, 0.25, 1.00, 3.45 
   PGM,       4,     0.41, 1408.04,       366.25,     21.01,       9.54,          6.98,     409.35, 1000000, 0.26, 1.00, 3.44 
   PGM,       8,     0.42, 1427.87,       364.91,     20.98,       9.78,          7.27,     415.18, 1000000, 0.26, 1.00, 3.44 
   PGM,      32,     0.44, 1514.23,       357.47,     22.88,      12.56,          8.00,     438.31, 1000000, 0.24, 1.00, 3.45 
   PGM,      64,     0.45, 1559.78,       353.79,     25.04,      14.66,          8.56,     452.81, 1000000, 0.23, 1.00, 3.44 
   PGM,     256,     0.49, 1706.10,       374.42,     31.90,      21.35,          9.89,     494.76, 1000000, 0.22, 1.00, 3.45 
   PGM,    1024,     0.59, 2037.98,       392.00,     41.18,      31.40,         10.13,     588.31, 1000000, 0.19, 1.00, 3.46 
   PGM,    2048,     0.64, 2205.11,       376.63,     46.77,      37.36,         11.05,     636.16, 1000000, 0.17, 1.00, 3.47 
   PGM,    4096,     0.71, 2460.10,       381.05,     51.74,      43.14,         11.09,     709.17, 1000000, 0.15, 1.00, 3.47 
   PGM,    8192,     0.79, 2752.17,       389.55,     55.12,      46.28,         12.02,     794.82, 1000000, 0.14, 1.00, 3.46 
   ART,       1,     0.58, 1933.51,       385.63,     19.65,      12.41,          1.62,     561.68, 1000000, 0.20, 0.97, 3.44 
   ART,      32,     0.49, 1692.01,       418.22,     19.26,      13.27,          4.70,     491.06, 1000000, 0.25, 1.00, 3.45 
   ART,      64,     0.49, 1709.38,       423.64,     20.94,      14.96,          5.17,     489.56, 1000000, 0.25, 1.00, 3.49 
   ART,     128,     0.50, 1758.70,       427.03,     23.29,      17.46,          5.79,     503.69, 1000000, 0.24, 1.00, 3.49 
   ART,     256,     0.51, 1743.35,       429.66,     26.00,      20.06,          6.50,     506.48, 1000000, 0.25, 1.00, 3.44 
   ART,     512,     0.52, 1832.69,       431.97,     30.38,      23.85,          7.45,     524.86, 1000000, 0.24, 1.00, 3.49 
   ART,    1024,     0.55, 1932.87,       436.04,     35.51,      28.18,          8.30,     553.55, 1000000, 0.23, 1.00, 3.49 
   ART,    2048,     0.61, 2120.35,       443.00,     40.39,      32.90,          9.21,     607.27, 1000000, 0.21, 1.00, 3.49 
   ART,    4096,     0.64, 2242.00,       452.11,     45.36,      37.15,          9.75,     642.07, 1000000, 0.20, 1.00, 3.49 
   ART,    8192,     0.69, 2407.94,       460.73,     50.70,      42.35,          9.98,     689.64, 1000000, 0.19, 1.00, 3.49 
 BTree,      32,     0.54, 1853.78,       375.46,     28.91,      14.91,          9.93,     536.70, 1000000, 0.20, 1.00, 3.45 
 BTree,       1,     0.67, 2326.00,       380.42,     31.25,      16.83,          8.22,     670.31, 1000000, 0.16, 1.00, 3.47 
 BTree,       4,     0.60, 2057.33,       368.93,     29.70,      14.38,          9.38,     595.65, 1000000, 0.18, 1.00, 3.45 
 BTree,      16,     0.55, 1905.56,       374.96,     28.44,      14.47,          9.69,     545.84, 1000000, 0.20, 1.00, 3.49 
 BTree,      64,     0.53, 1854.93,       368.69,     29.35,      15.97,         10.40,     531.22, 1000000, 0.20, 1.00, 3.49 
 BTree,     128,     0.55, 1895.49,       365.72,     31.61,      18.90,         10.79,     547.38, 1000000, 0.19, 1.00, 3.46 
 BTree,     512,     0.57, 1979.66,       359.56,     38.24,      25.79,         11.65,     566.95, 1000000, 0.18, 1.00, 3.49 
 BTree,    1024,     0.58, 1975.28,       368.61,     42.88,      29.71,         11.79,     577.49, 1000000, 0.19, 1.00, 3.42 
 BTree,    4096,     0.63, 2207.42,       370.78,     49.73,      37.38,         11.71,     632.22, 1000000, 0.17, 1.00, 3.49 
 BTree,   16384,     0.72, 2488.07,       365.64,     57.82,      45.36,         12.36,     719.16, 1000000, 0.15, 1.00, 3.46 
 BTree,   65536,     0.77, 2691.12,       374.98,     67.70,      52.74,         12.40,     770.68, 1000000, 0.14, 1.00, 3.49 
 BTree,  262144,     0.85, 2935.67,       371.06,     78.73,      59.09,         12.90,     845.43, 1000000, 0.13, 1.00, 3.47 
 FITing,     128,     0.55, 1871.66,       396.74,     32.60,      19.34,         10.67,     544.20, 1000000, 0.21, 0.98, 3.44 
 FITing,       8,     0.55, 1886.88,       387.54,     28.45,      14.57,          9.07,     545.06, 1000000, 0.21, 1.00, 3.46 
 FITing,      16,     0.54, 1868.46,       391.00,     27.87,      14.99,          9.23,     539.76, 1000000, 0.21, 1.00, 3.46 
 FITing,      32,     0.55, 1893.30,       395.92,     29.02,      16.45,          9.58,     548.47, 1000000, 0.21, 1.00, 3.45 
 FITing,      64,     0.53, 1845.38,       395.19,     30.34,      16.97,          9.82,     533.14, 1000000, 0.21, 1.00, 3.46 
 FITing,     256,     0.55, 1904.51,       393.13,     35.65,      22.29,         10.94,     549.68, 1000000, 0.21, 1.00, 3.46 
 FITing,     512,     0.57, 1978.12,       399.72,     39.17,      25.39,         10.75,     570.70, 1000000, 0.20, 1.00, 3.47 
 FITing,    1024,     0.60, 2087.79,       393.55,     43.66,      29.49,         11.42,     604.37, 1000000, 0.19, 1.00, 3.45 
