index, variant, time sec,  cycles, instructions, L1-misses, LLC-misses, branch-misses, task-clock,   scale,  IPC, CPUs,  GHz 
   RMI,       0,     0.60, 1976.91,       754.60,      8.56,       6.45,          2.19,     572.33, 1050000, 0.38, 1.00, 3.45 
   RMI,       1,     0.60, 1974.15,       744.91,      8.95,       6.86,          2.38,     571.55, 1050000, 0.38, 1.00, 3.45 
   RMI,       2,     0.60, 1977.58,       742.88,      9.21,       7.10,          2.92,     573.78, 1050000, 0.38, 1.00, 3.45 
   RMI,       3,     0.61, 2009.17,       755.27,      9.85,       7.69,          3.19,     580.74, 1050000, 0.38, 1.00, 3.46 
   RMI,       4,     0.61, 2003.66,       755.41,     10.75,       8.55,          3.56,     581.35, 1050000, 0.38, 1.00, 3.45 
   RMI,       5,     0.62, 2029.12,       761.39,     11.98,       9.45,          3.98,     589.14, 1050000, 0.38, 1.00, 3.44 
   RMI,       6,     0.61, 2012.63,       761.68,     13.80,      11.08,          4.43,     582.26, 1050000, 0.38, 1.00, 3.46 
   RMI,       7,     0.67, 2217.88,       790.02,     20.84,      17.60,          5.73,     638.74, 1050000, 0.36, 1.00, 3.47 
   RMI,       8,     1.03, 3417.92,       855.51,     50.84,      45.33,          9.03,     978.83, 1050000, 0.25, 1.00, 3.49 
   RMI,       9,     1.12, 3721.58,       708.43,     63.35,      52.58,         10.59,    1065.80, 1050000, 0.19, 1.00, 3.49 
    RS,       1,     0.42, 1390.00,       361.56,     12.28,       8.85,          2.59,     404.26, 1050000, 0.26, 1.00, 3.44 
    RS,       2,     0.44, 1441.99,       373.24,     13.09,       9.45,          3.23,     417.65, 1050000, 0.26, 1.00, 3.45 
    RS,       3,     0.45, 1475.91,       387.20,     14.10,      10.17,          3.35,     428.87, 1050000, 0.26, 1.00, 3.44 
    RS,       4,     0.45, 1460.16,       378.35,     14.65,      10.56,          3.58,     424.34, 1050000, 0.26, 1.00, 3.44 
    RS,       5,     0.47, 1539.19,       395.89,     16.67,      12.14,          3.96,     445.25, 1050000, 0.26, 1.00, 3.46 
    RS,       6,     0.49, 1629.28,       406.96,     19.09,      14.41,          4.47,     471.08, 1050000, 0.25, 1.00, 3.46 
    RS,       7,     0.51, 1683.13,       404.37,     22.16,      17.20,          5.02,     486.49, 1050000, 0.24, 1.00, 3.46 
    RS,       8,     0.55, 1814.94,       415.39,     26.87,      21.56,          5.67,     524.03, 1050000, 0.23, 1.00, 3.46 
    RS,       9,     0.48, 1586.80,       475.57,     23.39,      11.12,          7.73,     458.91, 1050000, 0.30, 1.00, 3.46 
    RS,      10,     0.50, 1651.32,       407.87,     21.75,      16.63,          5.40,     477.42, 1050000, 0.25, 1.00, 3.46 
   PGM,      16,     0.34, 1105.25,       300.47,     17.57,       8.61,          6.06,     322.39, 1050000, 0.27, 1.00, 3.43 
   PGM,       4,     0.37, 1207.69,       312.40,     18.67,       9.81,          6.17,     350.58, 1050000, 0.26, 1.00, 3.44 
   PGM,       8,     0.35, 1141.86,       292.92,     16.85,       8.98,          5.91,     333.36, 1050000, 0.26, 1.00, 3.43 
   PGM,      32,     0.35, 1139.13,       306.92,     18.21,       9.76,          6.83,     329.87, 1050000, 0.27, 1.00, 3.45 
   PGM,      64,     0.38, 1236.52,       310.06,     19.18,      12.59,          7.30,     359.95, 1050000, 0.25, 1.00, 3.44 
   PGM,     256,     0.46, 1506.20,       329.61,     27.59,      21.18,          8.43,     435.60, 1050000, 0.22, 1.00, 3.46 
   PGM,    1024,     0.56, 1836.47,       321.14,     37.86,      31.16,          8.90,     530.18, 1050000, 0.17, 1.00, 3.46 
   PGM,    2048,     0.62, 2059.90,       329.03,     43.49,      36.67,          9.42,     594.43, 1050000, 0.16, 1.00, 3.47 
   PGM,    4096,     0.69, 2263.19,       343.52,     48.64,      41.55,          9.67,     652.47, 1050000, 0.15, 1.00, 3.47 
   PGM,    8192,     0.76, 2506.56,       352.30,     52.54,      44.63,         10.97,     722.29, 1050000, 0.14, 1.00, 3.47 
 PGMMod,      16,     0.34, 1113.66,       312.54,     17.60,       8.35,          6.09,     324.79, 1050000, 0.28, 1.00, 3.43 
 PGMMod,       4,     0.36, 1197.94,       312.38,     16.51,       9.45,          5.89,     347.49, 1050000, 0.26, 1.00, 3.45 
 PGMMod,       8,     0.35, 1138.62,       292.93,     16.77,       8.91,          5.93,     330.57, 1050000, 0.26, 1.00, 3.44 
 PGMMod,      32,     0.35, 1147.07,       306.94,     18.20,       9.85,          7.01,     334.32, 1050000, 0.27, 1.00, 3.43 
 PGMMod,      64,     0.39, 1288.83,       310.08,     19.18,      12.61,          7.65,     375.57, 1050000, 0.24, 1.00, 3.43 
 PGMMod,     256,     0.46, 1509.75,       329.60,     27.62,      21.25,          8.32,     436.85, 1050000, 0.22, 1.00, 3.46 
 PGMMod,    1024,     0.57, 1877.24,       321.13,     37.85,      31.03,          8.88,     543.48, 1050000, 0.17, 1.00, 3.45 
 PGMMod,    2048,     0.62, 2051.56,       329.03,     43.53,      36.77,          9.40,     592.01, 1050000, 0.16, 1.00, 3.47 
 PGMMod,    4096,     0.68, 2255.86,       343.52,     48.54,      41.47,          9.73,     650.30, 1050000, 0.15, 1.00, 3.47 
 PGMMod,    8192,     0.75, 2493.95,       352.29,     52.05,      44.46,         10.51,     718.73, 1050000, 0.14, 1.00, 3.47 
 PGMCache,      16,     0.04, 121.69,        89.11,      7.43,       2.95,          0.01,      41.30, 1050000, 0.73, 1.00, 2.95 
 PGMCache,       4,     0.03,  91.55,        76.99,      7.39,       3.06,          0.00,      30.68, 1050000, 0.84, 1.00, 2.98 
 PGMCache,       8,     0.03,  91.58,        76.99,      7.39,       3.06,          0.00,      30.69, 1050000, 0.84, 1.00, 2.98 
 PGMCache,      32,     0.03,  91.45,        76.99,      7.39,       3.06,          0.00,      30.65, 1050000, 0.84, 1.00, 2.98 
 PGMCache,      64,     0.03,  90.77,        77.00,      7.39,       3.00,          0.00,      31.35, 1050000, 0.85, 1.00, 2.89 
 PGMCache,     256,     0.03,  93.85,        76.99,      7.39,       2.98,          0.00,      32.71, 1050000, 0.82, 1.00, 2.87 
 PGMCache,    1024,     0.03,  93.81,        76.99,      7.39,       2.97,          0.00,      32.70, 1050000, 0.82, 1.00, 2.87 
 PGMCache,    2048,     0.03,  90.70,        76.99,      7.39,       2.99,          0.00,      31.95, 1050000, 0.85, 1.00, 2.84 
 PGMCache,    4096,     0.03,  91.49,        76.99,      7.39,       3.06,          0.00,      30.66, 1050000, 0.84, 1.00, 2.98 
 PGMCache,    8192,     0.03,  93.69,        76.99,      7.39,       2.97,          0.00,      32.65, 1050000, 0.82, 1.00, 2.87 
 BTree,      32,     0.54, 1796.62,       380.58,     28.88,      15.23,         10.59,     514.56, 1050000, 0.21, 1.00, 3.49 
 BTree,       1,     0.70, 2309.64,       384.98,     33.81,      18.10,          9.24,     665.96, 1050000, 0.17, 1.00, 3.47 
 BTree,       4,     0.61, 2002.25,       373.62,     30.05,      14.87,         10.14,     577.91, 1050000, 0.19, 1.00, 3.46 
 BTree,      16,     0.54, 1808.60,       371.55,     28.63,      14.52,         10.25,     518.03, 1050000, 0.21, 1.00, 3.49 
 BTree,      64,     0.53, 1778.36,       381.52,     30.41,      15.77,         10.91,     509.33, 1050000, 0.21, 1.00, 3.49 
 BTree,     128,     0.54, 1765.39,       383.40,     31.78,      17.71,         11.27,     510.07, 1050000, 0.22, 1.00, 3.46 
 BTree,     512,     0.55, 1842.30,       373.16,     37.89,      24.47,         12.02,     527.64, 1050000, 0.20, 1.00, 3.49 
 BTree,    1024,     0.58, 1921.31,       373.98,     42.82,      28.89,         12.43,     553.85, 1050000, 0.19, 1.00, 3.47 
 BTree,    4096,     0.67, 2223.88,       375.78,     49.74,      37.63,         12.36,     636.99, 1050000, 0.17, 1.00, 3.49 
 BTree,   16384,     0.74, 2428.82,       379.12,     57.24,      44.69,         12.70,     704.78, 1050000, 0.16, 1.00, 3.45 
 BTree,   65536,     0.83, 2765.57,       379.47,     66.50,      52.37,         12.76,     792.10, 1050000, 0.14, 1.00, 3.49 
 BTree,  262144,     0.89, 2952.17,       376.68,     77.74,      58.64,         13.40,     845.52, 1050000, 0.13, 1.00, 3.49 
 FITing,     128,     0.43, 1400.64,       371.69,     28.28,      14.90,          9.29,     405.55, 1050000, 0.27, 1.00, 3.45 
 FITing,       8,     0.52, 1701.57,       387.40,     26.91,      13.87,          9.05,     493.15, 1050000, 0.23, 1.00, 3.45 
 FITing,      16,     0.49, 1603.09,       395.84,     25.61,      12.50,          9.01,     463.56, 1050000, 0.25, 1.00, 3.46 
 FITing,      32,     0.46, 1502.71,       379.96,     25.86,      12.10,          9.32,     435.02, 1050000, 0.25, 1.00, 3.45 
 FITing,      64,     0.42, 1382.57,       373.95,     26.34,      12.24,          9.05,     400.37, 1050000, 0.27, 1.00, 3.45 
 FITing,     256,     0.45, 1493.90,       368.10,     31.36,      18.81,          9.77,     432.30, 1050000, 0.25, 1.00, 3.46 
 FITing,     512,     0.50, 1658.67,       370.92,     35.87,      23.38,         10.18,     479.46, 1050000, 0.22, 1.00, 3.46 
 FITing,    1024,     0.55, 1817.41,       379.55,     40.54,      28.84,         10.75,     524.93, 1050000, 0.21, 1.00, 3.46 
