index, variant, time sec,  cycles, instructions, L1-misses, LLC-misses, branch-misses, task-clock,   scale,  IPC, CPUs,  GHz 
   RMI,       0,     0.75, 1726.69,       750.00,      7.52,       4.56,          2.16,     497.34, 1500000, 0.43, 1.00, 3.47 
   RMI,       1,     0.74, 1728.70,       741.97,      8.07,       4.80,          2.35,     495.10, 1500000, 0.43, 1.00, 3.49 
   RMI,       2,     0.74, 1731.15,       743.31,      8.25,       4.97,          2.84,     495.83, 1500000, 0.43, 1.00, 3.49 
   RMI,       3,     0.75, 1742.17,       752.22,      8.82,       5.32,          3.00,     498.95, 1500000, 0.43, 1.00, 3.49 
   RMI,       4,     0.75, 1737.15,       755.84,      9.64,       5.89,          3.28,     497.58, 1500000, 0.44, 1.00, 3.49 
   RMI,       5,     0.76, 1761.57,       761.76,     10.92,       6.58,          3.70,     504.54, 1500000, 0.43, 1.00, 3.49 
   RMI,       6,     0.76, 1771.96,       761.99,     12.73,       7.78,          4.04,     507.54, 1500000, 0.43, 1.00, 3.49 
   RMI,       7,     0.83, 1922.83,       790.48,     19.14,      12.38,          5.00,     550.69, 1500000, 0.41, 1.00, 3.49 
   RMI,       8,     1.22, 2833.46,       856.15,     43.99,      31.83,          7.46,     811.58, 1500000, 0.30, 1.00, 3.49 
   RMI,       9,     1.31, 3059.48,       708.42,     53.46,      36.94,          8.28,     876.18, 1500000, 0.23, 1.00, 3.49 
    RS,       1,     0.51, 1181.02,       361.75,     11.19,       6.23,          2.49,     341.41, 1500000, 0.31, 1.00, 3.46 
    RS,       2,     0.53, 1221.84,       372.23,     11.96,       6.64,          3.05,     352.31, 1500000, 0.30, 1.00, 3.47 
    RS,       3,     0.54, 1246.39,       383.88,     13.03,       7.19,          3.17,     360.56, 1500000, 0.31, 1.00, 3.46 
    RS,       4,     0.54, 1239.72,       378.22,     13.67,       7.44,          3.39,     358.16, 1500000, 0.31, 1.00, 3.46 
    RS,       5,     0.56, 1294.73,       393.20,     15.50,       8.55,          3.67,     373.93, 1500000, 0.30, 1.00, 3.46 
    RS,       6,     0.59, 1361.81,       403.15,     17.86,      10.12,          4.09,     392.98, 1500000, 0.30, 1.00, 3.47 
    RS,       7,     0.61, 1405.08,       404.31,     20.61,      12.12,          4.51,     405.56, 1500000, 0.29, 1.00, 3.46 
    RS,       8,     0.66, 1532.59,       415.46,     25.14,      15.12,          4.98,     443.27, 1500000, 0.27, 1.00, 3.46 
    RS,       9,     0.58, 1331.72,       475.78,     21.18,       7.83,          6.44,     384.52, 1500000, 0.36, 1.00, 3.46 
    RS,      10,     0.60, 1380.73,       407.92,     20.37,      11.77,          4.76,     399.76, 1500000, 0.30, 1.00, 3.45 
   PGM,      16,     0.36, 833.67,       301.12,     15.83,       5.81,          4.33,     242.84, 1500000, 0.36, 1.00, 3.43 
   PGM,       4,     0.42, 954.31,       312.98,     16.88,       6.95,          4.95,     277.39, 1500000, 0.33, 1.00, 3.44 
   PGM,       8,     0.38, 871.02,       293.03,     15.12,       6.28,          4.21,     252.55, 1500000, 0.34, 1.00, 3.45 
   PGM,      32,     0.38, 866.81,       307.92,     16.08,       6.78,          4.83,     252.33, 1500000, 0.36, 1.00, 3.44 
   PGM,      64,     0.41, 938.68,       310.02,     16.33,       8.84,          5.19,     272.12, 1500000, 0.33, 1.00, 3.45 
   PGM,     256,     0.50, 1142.37,       329.83,     22.96,      14.82,          5.97,     331.24, 1500000, 0.29, 1.00, 3.45 
   PGM,    1024,     0.59, 1364.93,       321.56,     31.03,      21.83,          6.34,     395.12, 1500000, 0.24, 1.00, 3.45 
   PGM,    2048,     0.66, 1519.86,       329.38,     35.43,      25.71,          6.69,     438.53, 1500000, 0.22, 1.00, 3.47 
   PGM,    4096,     0.73, 1681.43,       343.71,     39.68,      29.21,          6.93,     484.64, 1500000, 0.20, 1.00, 3.47 
   PGM,    8192,     0.81, 1867.26,       353.06,     43.15,      31.34,          8.09,     538.04, 1500000, 0.19, 1.00, 3.47 
 PGMMod,      16,     0.37, 854.03,       309.55,     15.80,       5.80,          4.34,     248.68, 1500000, 0.36, 1.00, 3.43 
 PGMMod,       4,     0.40, 923.12,       312.96,     14.93,       6.62,          4.25,     267.66, 1500000, 0.34, 1.00, 3.45 
 PGMMod,       8,     0.38, 870.60,       293.03,     15.06,       6.23,          4.22,     253.52, 1500000, 0.34, 1.00, 3.43 
 PGMMod,      32,     0.38, 868.06,       307.92,     16.11,       6.79,          5.01,     251.73, 1500000, 0.35, 1.00, 3.45 
 PGMMod,      64,     0.41, 939.87,       310.02,     16.40,       8.85,          5.42,     272.29, 1500000, 0.33, 1.00, 3.45 
 PGMMod,     256,     0.50, 1138.06,       329.83,     22.94,      14.88,          5.89,     330.11, 1500000, 0.29, 1.00, 3.45 
 PGMMod,    1024,     0.59, 1358.20,       321.55,     30.91,      21.75,          6.29,     392.11, 1500000, 0.24, 1.00, 3.46 
 PGMMod,    2048,     0.66, 1522.57,       329.39,     35.59,      25.81,          6.71,     440.14, 1500000, 0.22, 1.00, 3.46 
 PGMMod,    4096,     0.73, 1686.00,       343.72,     39.66,      29.21,          6.97,     485.97, 1500000, 0.20, 1.00, 3.47 
 PGMMod,    8192,     0.80, 1850.18,       353.05,     42.58,      31.22,          7.60,     532.73, 1500000, 0.19, 1.00, 3.47 
 PGMCache,      16,     0.04,  83.65,        62.33,      5.20,       2.11,          0.01,      26.96, 1500000, 0.75, 1.00, 3.10 
 PGMCache,       4,     0.03,  65.56,        53.89,      5.17,       2.08,          0.00,      22.88, 1500000, 0.82, 1.00, 2.86 
 PGMCache,       8,     0.03,  63.97,        53.89,      5.17,       2.14,          0.00,      21.44, 1500000, 0.84, 1.00, 2.98 
 PGMCache,      32,     0.03,  65.55,        53.89,      5.17,       2.10,          0.00,      22.85, 1500000, 0.82, 1.00, 2.87 
 PGMCache,      64,     0.03,  65.56,        53.90,      5.17,       2.08,          0.00,      22.85, 1500000, 0.82, 1.00, 2.87 
 PGMCache,     256,     0.03,  64.00,        53.89,      5.17,       2.14,          0.00,      21.45, 1500000, 0.84, 1.00, 2.98 
 PGMCache,    1024,     0.03,  64.09,        53.90,      5.17,       2.14,          0.00,      21.47, 1500000, 0.84, 1.00, 2.98 
 PGMCache,    2048,     0.03,  65.60,        53.89,      5.17,       2.08,          0.00,      22.87, 1500000, 0.82, 1.00, 2.87 
 PGMCache,    4096,     0.03,  65.61,        53.89,      5.17,       2.08,          0.00,      22.87, 1500000, 0.82, 1.00, 2.87 
 PGMCache,    8192,     0.03,  63.47,        53.89,      5.17,       2.09,          0.00,      22.62, 1500000, 0.85, 1.00, 2.81 
 BTree,      32,     0.58, 1341.26,       377.29,     26.58,      10.77,          7.43,     384.14, 1500000, 0.28, 1.00, 3.49 
 BTree,       1,     0.76, 1752.87,       383.42,     32.19,      12.85,          6.49,     505.13, 1500000, 0.22, 1.00, 3.47 
 BTree,       4,     0.65, 1507.73,       369.49,     28.27,      10.54,          7.11,     434.91, 1500000, 0.25, 1.00, 3.47 
 BTree,      16,     0.58, 1352.97,       368.10,     26.55,      10.24,          7.21,     387.50, 1500000, 0.27, 1.00, 3.49 
 BTree,      64,     0.57, 1320.80,       377.86,     27.71,      11.09,          7.65,     378.31, 1500000, 0.29, 1.00, 3.49 
 BTree,     128,     0.57, 1311.44,       379.53,     28.47,      12.50,          7.91,     378.72, 1500000, 0.29, 1.00, 3.46 
 BTree,     512,     0.60, 1389.60,       374.21,     32.75,      17.56,          8.47,     397.99, 1500000, 0.27, 1.00, 3.49 
 BTree,    1024,     0.62, 1424.65,       375.05,     36.25,      20.16,          8.78,     412.85, 1500000, 0.26, 1.00, 3.45 
 BTree,    4096,     0.67, 1553.09,       378.58,     41.46,      25.87,          8.72,     444.81, 1500000, 0.24, 1.00, 3.49 
 BTree,   16384,     0.79, 1834.85,       378.94,     47.43,      32.01,          9.07,     528.92, 1500000, 0.21, 1.00, 3.47 
 BTree,   65536,     0.88, 2038.37,       380.06,     54.77,      37.30,          9.24,     583.86, 1500000, 0.19, 1.00, 3.49 
 BTree,  262144,     0.96, 2237.44,       377.28,     65.71,      42.56,         10.05,     640.81, 1500000, 0.17, 1.00, 3.49 
 FITing,     128,     0.46, 1057.60,       370.19,     24.31,      10.48,          6.81,     306.16, 1500000, 0.35, 1.00, 3.45 
 FITing,       8,     0.57, 1312.20,       388.97,     25.11,       9.75,          6.35,     380.26, 1500000, 0.30, 1.00, 3.45 
 FITing,      16,     0.53, 1212.98,       391.83,     23.70,       8.86,          6.33,     351.68, 1500000, 0.32, 1.00, 3.45 
 FITing,      32,     0.50, 1139.33,       376.55,     23.36,       8.54,          6.55,     330.38, 1500000, 0.33, 1.00, 3.45 
 FITing,      64,     0.45, 1042.89,       373.43,     23.50,       8.65,          6.38,     301.66, 1500000, 0.36, 1.00, 3.46 
 FITing,     256,     0.48, 1111.11,       367.90,     27.03,      13.18,          6.97,     321.36, 1500000, 0.33, 1.00, 3.46 
 FITing,     512,     0.55, 1271.08,       369.94,     30.41,      16.47,          7.24,     368.11, 1500000, 0.29, 1.00, 3.45 
 FITing,    1024,     0.58, 1346.50,       379.11,     34.17,      20.27,          7.67,     388.75, 1500000, 0.28, 1.00, 3.46 
