index, variant, time sec,  cycles, instructions, L1-misses, LLC-misses, branch-misses, task-clock,   scale,  IPC, CPUs,  GHz 
   RMI,       0,     0.78, 2562.94,       819.97,      7.89,       5.90,          1.86,     740.42, 1050000, 0.32, 1.00, 3.46 
   RMI,       1,     0.59, 1930.38,       569.68,      7.98,       5.98,          1.95,     559.25, 1050000, 0.30, 1.00, 3.45 
   RMI,       2,     0.58, 1920.48,       561.96,      8.33,       6.36,          2.18,     556.78, 1050000, 0.29, 1.00, 3.45 
   RMI,       3,     0.45, 1460.52,       371.45,     11.48,       8.49,          2.83,     424.18, 1050000, 0.25, 1.00, 3.44 
   RMI,       4,     0.62, 2026.74,       589.04,     10.64,       8.54,          3.11,     588.66, 1050000, 0.29, 1.00, 3.44 
   RMI,       5,     0.60, 1986.60,       582.25,     11.69,       9.39,          3.34,     574.53, 1050000, 0.29, 1.00, 3.46 
   RMI,       6,     0.80, 2629.79,       847.46,     15.80,      12.94,          4.18,     758.64, 1050000, 0.32, 1.00, 3.47 
   RMI,       7,     0.93, 3069.55,       876.76,     26.67,      23.30,          8.21,     884.40, 1050000, 0.29, 1.00, 3.47 
   RMI,       8,     0.79, 2633.55,       644.19,     33.87,      30.41,          6.56,     754.20, 1050000, 0.24, 1.00, 3.49 
   RMI,       9,     0.86, 2847.40,       656.41,     39.34,      35.21,          7.10,     815.49, 1050000, 0.23, 1.00, 3.49 
    RS,       1,     0.42, 1375.86,       351.86,     10.83,       7.69,          1.59,     400.21, 1050000, 0.26, 1.00, 3.44 
    RS,       2,     0.43, 1399.29,       399.65,     13.90,      10.46,          2.25,     405.23, 1050000, 0.29, 1.00, 3.45 
    RS,       3,     0.43, 1397.38,       365.70,     11.75,       8.55,          2.66,     406.38, 1050000, 0.26, 1.00, 3.44 
    RS,       4,     0.44, 1445.55,       367.47,     13.03,       9.54,          2.53,     418.77, 1050000, 0.25, 1.00, 3.45 
    RS,       5,     0.44, 1440.96,       370.42,     12.90,       9.32,          2.85,     417.21, 1050000, 0.26, 1.00, 3.45 
    RS,       6,     0.47, 1536.61,       384.43,     15.89,      11.88,          3.19,     446.27, 1050000, 0.25, 1.00, 3.44 
    RS,       7,     0.47, 1543.12,       438.11,     18.97,      11.40,          5.42,     446.40, 1050000, 0.28, 1.00, 3.46 
    RS,       8,     0.50, 1633.59,       392.11,     19.00,      14.39,          3.77,     474.04, 1050000, 0.24, 1.00, 3.45 
    RS,       9,     0.48, 1579.92,       406.36,     20.24,      13.85,          4.75,     456.91, 1050000, 0.26, 1.00, 3.46 
    RS,      10,     0.53, 1734.95,       450.24,     23.42,      15.06,          6.44,     503.04, 1050000, 0.26, 1.00, 3.45 
   PGM,      16,     0.35, 1132.86,       287.62,     15.67,       8.45,          5.19,     329.94, 1050000, 0.25, 1.00, 3.43 
   PGM,       4,     0.38, 1228.61,       306.79,     18.02,       8.94,          4.88,     358.18, 1050000, 0.25, 1.00, 3.43 
   PGM,       8,     0.35, 1166.96,       289.25,     15.70,       8.71,          4.40,     337.49, 1050000, 0.25, 1.00, 3.46 
   PGM,      32,     0.36, 1178.46,       300.05,     16.30,       9.66,          5.55,     341.95, 1050000, 0.25, 1.00, 3.45 
   PGM,      64,     0.36, 1197.33,       295.26,     17.92,      11.52,          5.98,     347.16, 1050000, 0.25, 1.00, 3.45 
   PGM,     256,     0.41, 1362.49,       288.24,     23.55,      18.53,          6.74,     394.62, 1050000, 0.21, 1.00, 3.45 
   PGM,    1024,     0.51, 1673.99,       296.74,     31.58,      27.74,          7.72,     483.85, 1050000, 0.18, 1.00, 3.46 
   PGM,    2048,     0.58, 1919.58,       307.01,     37.19,      33.72,          8.16,     556.09, 1050000, 0.16, 1.00, 3.45 
   PGM,    4096,     0.63, 2081.89,       317.72,     41.34,      38.18,          8.48,     600.65, 1050000, 0.15, 1.00, 3.47 
   PGM,    8192,     0.69, 2292.47,       328.32,     44.99,      41.25,          8.45,     660.95, 1050000, 0.14, 1.00, 3.47 
 PGMMod,      16,     0.35, 1127.60,       287.60,     15.57,       8.45,          5.14,     328.75, 1050000, 0.26, 1.00, 3.43 
 PGMMod,       4,     0.37, 1208.71,       306.79,     15.54,       8.49,          4.47,     350.61, 1050000, 0.25, 1.00, 3.45 
 PGMMod,       8,     0.35, 1161.69,       289.25,     15.70,       8.73,          4.44,     337.11, 1050000, 0.25, 1.00, 3.45 
 PGMMod,      32,     0.36, 1191.68,       302.03,     16.31,       9.66,          5.72,     345.73, 1050000, 0.25, 1.00, 3.45 
 PGMMod,      64,     0.37, 1196.87,       295.26,     17.91,      11.55,          6.17,     349.12, 1050000, 0.25, 1.00, 3.43 
 PGMMod,     256,     0.41, 1362.82,       288.26,     23.48,      18.56,          6.75,     394.95, 1050000, 0.21, 1.00, 3.45 
 PGMMod,    1024,     0.51, 1674.15,       296.75,     31.65,      27.71,          7.72,     485.27, 1050000, 0.18, 1.00, 3.45 
 PGMMod,    2048,     0.57, 1886.76,       307.00,     37.06,      33.62,          8.35,     544.83, 1050000, 0.16, 1.00, 3.46 
 PGMMod,    4096,     0.64, 2110.04,       317.72,     41.70,      38.59,          8.54,     609.03, 1050000, 0.15, 1.00, 3.46 
 PGMMod,    8192,     0.70, 2300.58,       328.32,     44.70,      41.21,          8.36,     664.66, 1050000, 0.14, 1.00, 3.46 
 PGMCache,      16,     0.51, 1670.49,       815.65,     22.60,       8.33,          7.19,     483.07, 1050000, 0.49, 1.00, 3.46 
 PGMCache,       4,     0.53, 1755.15,       832.02,     23.49,       8.56,          7.08,     508.49, 1050000, 0.47, 1.00, 3.45 
 PGMCache,       8,     0.52, 1711.37,       816.61,     22.42,       8.60,          6.56,     495.94, 1050000, 0.48, 1.00, 3.45 
 PGMCache,      32,     0.52, 1730.36,       818.33,     23.55,       9.56,          8.22,     500.00, 1050000, 0.47, 1.00, 3.46 
 PGMCache,      64,     0.53, 1752.37,       823.57,     26.04,      11.48,          8.67,     507.70, 1050000, 0.47, 1.00, 3.45 
 PGMCache,     256,     0.59, 1945.21,       817.04,     30.98,      18.60,          9.48,     561.64, 1050000, 0.42, 1.00, 3.46 
 PGMCache,    1024,     0.68, 2232.28,       811.07,     39.52,      27.83,         10.16,     643.72, 1050000, 0.36, 1.00, 3.47 
 PGMCache,    2048,     0.75, 2470.23,       834.86,     45.32,      33.75,         10.55,     713.31, 1050000, 0.34, 1.00, 3.46 
 PGMCache,    4096,     0.80, 2660.68,       845.04,     49.70,      38.38,         10.84,     766.53, 1050000, 0.32, 1.00, 3.47 
 PGMCache,    8192,     0.87, 2878.34,       855.18,     52.99,      41.34,         10.63,     830.68, 1050000, 0.30, 1.00, 3.47 
 BTree,      32,     0.53, 1772.57,       375.78,     28.30,      14.13,          9.47,     507.65, 1050000, 0.21, 1.00, 3.49 
 BTree,       1,     0.67, 2223.76,       381.23,     30.80,      16.04,          7.83,     642.81, 1050000, 0.17, 1.00, 3.46 
 BTree,       4,     0.60, 1962.28,       369.27,     29.23,      13.62,          9.04,     568.11, 1050000, 0.19, 1.00, 3.45 
 BTree,      16,     0.54, 1802.72,       367.49,     28.03,      13.68,          9.28,     516.28, 1050000, 0.20, 1.00, 3.49 
 BTree,      64,     0.53, 1768.60,       376.89,     28.59,      14.98,          9.79,     506.52, 1050000, 0.21, 1.00, 3.49 
 BTree,     128,     0.52, 1724.70,       366.91,     30.59,      16.87,         10.19,     498.08, 1050000, 0.21, 1.00, 3.46 
 BTree,     512,     0.57, 1882.81,       368.72,     36.71,      24.40,         10.86,     539.23, 1050000, 0.20, 1.00, 3.49 
 BTree,    1024,     0.60, 1979.11,       369.87,     41.50,      29.15,         11.20,     572.43, 1050000, 0.19, 1.00, 3.46 
 BTree,    4096,     0.65, 2177.98,       371.56,     48.81,      36.92,         11.15,     623.78, 1050000, 0.17, 1.00, 3.49 
 BTree,   16384,     0.78, 2581.23,       374.60,     56.11,      44.45,         11.63,     745.54, 1050000, 0.15, 1.00, 3.46 
 BTree,   65536,     0.89, 2958.87,       376.22,     64.05,      51.86,         11.75,     847.42, 1050000, 0.13, 1.00, 3.49 
 BTree,  262144,     0.96, 3193.31,       372.15,     72.20,      57.49,         12.28,     914.59, 1050000, 0.12, 1.00, 3.49 
 FITing,     128,     0.43, 1413.73,       392.99,     26.12,      14.34,          7.72,     409.32, 1050000, 0.28, 1.00, 3.45 
 FITing,       8,     0.59, 1935.80,       394.41,     28.16,      14.75,          8.56,     560.54, 1050000, 0.20, 1.00, 3.45 
 FITing,      16,     0.53, 1732.16,       395.16,     26.59,      13.68,          8.34,     500.54, 1050000, 0.23, 1.00, 3.46 
 FITing,      32,     0.49, 1600.06,       390.76,     25.85,      13.27,          8.41,     462.82, 1050000, 0.24, 1.00, 3.46 
 FITing,      64,     0.45, 1466.64,       392.75,     25.91,      13.16,          7.73,     425.81, 1050000, 0.27, 1.00, 3.44 
 FITing,     256,     0.43, 1425.04,       379.79,     27.47,      17.02,          8.06,     412.64, 1050000, 0.27, 1.00, 3.45 
 FITing,     512,     0.47, 1549.90,       370.10,     29.15,      20.98,          7.83,     448.34, 1050000, 0.24, 1.00, 3.46 
 FITing,    1024,     0.50, 1635.79,       361.72,     32.15,      25.55,          8.04,     474.35, 1050000, 0.22, 1.00, 3.45 
