index, variant, time sec, cycles, instructions, L1-misses, LLC-misses, branch-misses, task-clock, page-faults, DTLB-loads, DTLB-load-misses, DTLB-stores, DTLB-store-misses, ITLB_loads, ITLB_load-misses,  scale,  IPC, CPUs,  GHz 
PGM,      16,     0.04, 242.48,       243.27,      0.73,       0.39,          0.88,      74.71,        0.00,      59.26,             0.07,       10.02,              0.03,       0.01,             0.00, 500000, 1.00, 1.00, 3.25 
PGM,       4,     0.03, 208.22,       217.75,      0.70,       0.40,          0.71,      67.94,        0.00,      55.04,             0.01,        6.24,              0.01,       0.00,             0.00, 500000, 1.05, 1.00, 3.06 
PGM,       8,     0.03, 217.86,       227.17,      0.69,       0.39,          0.78,      69.22,        0.00,      56.37,             0.02,        6.26,              0.01,       0.02,             0.00, 500000, 1.04, 1.00, 3.15 
PGM,      32,     0.04, 229.90,       249.64,      0.73,       0.39,          0.92,      73.23,        0.00,      57.60,             0.02,        6.27,              0.01,       0.01,             0.00, 500000, 1.09, 1.00, 3.14 
PGM,      64,     0.04, 242.53,       262.11,      0.72,       0.39,          0.90,      75.23,        0.00,      57.46,             0.02,        6.23,              0.01,       0.01,             0.00, 500000, 1.08, 1.00, 3.22 
PGM,     256,     0.03, 204.36,       249.35,      0.78,       0.41,          1.03,      63.70,        0.00,      54.10,             0.01,        6.21,              0.01,       0.02,             0.00, 500000, 1.22, 1.00, 3.21 
PGM,    1024,     0.03, 214.50,       279.64,      0.81,       0.41,          1.06,      67.58,        0.00,      55.80,             0.02,        6.23,              0.01,       0.01,             0.00, 500000, 1.30, 1.00, 3.17 
PGM,    2048,     0.03, 216.27,       288.56,      0.82,       0.42,          1.07,      67.14,        0.00,      57.77,             0.02,        6.24,              0.01,       0.02,             0.00, 500000, 1.33, 1.00, 3.22 
PGM,    4096,     0.03, 219.97,       299.92,      0.86,       0.42,          1.05,      66.63,        0.00,      58.58,             0.02,        6.23,              0.01,       0.01,             0.00, 500000, 1.36, 1.00, 3.30 
PGM,    8192,     0.03, 181.86,       280.01,      0.91,       0.45,          1.00,      60.60,        0.00,      53.43,             0.02,        6.21,              0.01,       0.01,             0.00, 500000, 1.54, 1.00, 3.00 
PGMCacheL (0, 0.000000, 0),      16,     0.05, 331.25,       278.05,      0.86,       0.36,          0.58,     103.74,        0.00,      86.68,             0.06,       30.96,              0.01,       0.00,             0.00, 500000, 0.84, 1.00, 3.19 
PGMCacheL (0, 0.000000, 0),       4,     0.05, 330.37,       277.27,      0.85,       0.36,          0.59,     102.70,        0.00,      86.49,             0.06,       31.00,              0.01,       0.00,             0.00, 500000, 0.84, 1.00, 3.22 
PGMCacheL (0, 0.000000, 0),       8,     0.05, 333.31,       277.85,      0.84,       0.36,          0.58,     103.58,        0.00,      86.38,             0.06,       30.95,              0.01,       0.00,             0.00, 500000, 0.83, 1.00, 3.22 
PGMCacheL (0, 0.000000, 0),      32,     0.05, 330.18,       276.25,      0.88,       0.36,          0.59,     105.16,        0.00,      86.71,             0.06,       31.03,              0.01,       0.00,             0.00, 500000, 0.84, 1.00, 3.14 
PGMCacheL (0, 0.000000, 0),      64,     0.05, 331.75,       278.36,      0.89,       0.36,          0.60,     100.97,        0.00,      86.90,             0.06,       31.05,              0.01,       0.00,             0.00, 500000, 0.84, 1.00, 3.29 
PGMCacheL (0, 0.000000, 0),     256,     0.05, 330.93,       277.91,      0.93,       0.37,          0.62,     103.48,        0.00,      86.78,             0.06,       31.11,              0.01,       0.00,             0.00, 500000, 0.84, 1.00, 3.20 
PGMCacheL (0, 0.000000, 0),    1024,     0.05, 334.19,       280.85,      0.98,       0.37,          0.61,     103.91,        0.00,      86.49,             0.06,       30.97,              0.01,       0.00,             0.00, 500000, 0.84, 1.00, 3.22 
PGMCacheL (0, 0.000000, 0),    2048,     0.05, 332.78,       280.57,      0.99,       0.38,          0.62,     101.27,        0.00,      86.96,             0.06,       31.10,              0.01,       0.00,             0.00, 500000, 0.84, 1.00, 3.29 
PGMCacheL (0, 0.000000, 0),    4096,     0.05, 337.90,       281.60,      1.00,       0.39,          0.61,     100.08,        0.00,      86.87,             0.06,       31.04,              0.01,       0.00,             0.00, 500000, 0.83, 1.00, 3.38 
PGMCacheL (0, 0.000000, 0),    8192,     0.05, 331.82,       277.59,      1.08,       0.40,          0.64,     105.68,        0.00,      86.46,             0.06,       31.03,              0.01,       0.00,             0.00, 500000, 0.84, 1.00, 3.14 
PGMCacheR (0, 0.000000, 0),      16,     0.05, 331.65,       278.50,      0.85,       0.36,          0.58,     102.70,        0.00,      86.55,             0.06,       31.00,              0.01,       0.00,             0.00, 500000, 0.84, 1.00, 3.23 
PGMCacheR (0, 0.000000, 0),       4,     0.05, 328.13,       275.43,      0.85,       0.36,          0.59,     104.51,        0.00,      86.63,             0.06,       31.04,              0.01,       0.00,             0.00, 500000, 0.84, 1.00, 3.14 
PGMCacheR (0, 0.000000, 0),       8,     0.05, 330.65,       274.83,      0.84,       0.36,          0.58,     105.29,        0.00,      86.55,             0.06,       31.00,              0.01,       0.00,             0.00, 500000, 0.83, 1.00, 3.14 
PGMCacheR (0, 0.000000, 0),      32,     0.05, 334.16,       279.99,      0.89,       0.36,          0.59,     101.38,        0.00,      86.44,             0.06,       30.96,              0.01,       0.00,             0.00, 500000, 0.84, 1.00, 3.30 
PGMCacheR (0, 0.000000, 0),      64,     0.05, 331.68,       279.73,      0.90,       0.36,          0.60,     103.09,        0.00,      86.54,             0.06,       30.96,              0.01,       0.00,             0.00, 500000, 0.84, 1.00, 3.22 
PGMCacheR (0, 0.000000, 0),     256,     0.05, 333.55,       278.20,      0.94,       0.37,          0.62,     100.83,        0.00,      86.80,             0.06,       31.11,              0.01,       0.00,             0.00, 500000, 0.83, 1.00, 3.31 
PGMCacheR (0, 0.000000, 0),    1024,     0.05, 334.83,       280.17,      0.96,       0.37,          0.62,     101.36,        0.00,      86.90,             0.06,       31.12,              0.01,       0.00,             0.00, 500000, 0.84, 1.00, 3.30 
PGMCacheR (0, 0.000000, 0),    2048,     0.05, 332.07,       281.99,      1.00,       0.38,          0.61,     103.58,        0.00,      86.56,             0.06,       30.99,              0.01,       0.00,             0.00, 500000, 0.85, 1.00, 3.21 
PGMCacheR (0, 0.000000, 0),    4096,     0.05, 345.83,       289.36,      1.03,       0.39,          0.60,     101.08,        0.00,      86.67,             0.06,       30.97,              0.01,       0.00,             0.00, 500000, 0.84, 1.00, 3.42 
PGMCacheR (0, 0.000000, 0),    8192,     0.05, 337.31,       280.67,      1.09,       0.40,          0.64,     104.90,        0.00,      86.28,             0.06,       30.98,              0.01,       0.00,             0.00, 500000, 0.83, 1.00, 3.22 
