index, variant, time sec, cycles, instructions, L1-misses, LLC-misses, branch-misses, task-clock, page-faults, DTLB-loads, DTLB-load-misses, DTLB-stores, DTLB-store-misses, ITLB_loads, ITLB_load-misses,  scale,  IPC, CPUs,  GHz 
PGM,      16,     0.01, 216.79,       231.81,      1.75,       1.48,          0.69,      88.35,        0.00,      60.29,             0.01,       11.10,              0.03,       0.00,             -nan, 100000, 1.07, 1.01, 2.45 
PGM,       4,     0.01, 294.35,       263.00,      1.75,       1.47,          0.74,     118.79,        0.00,      70.55,             0.01,       11.00,              0.03,       0.01,             0.09, 100000, 0.89, 1.01, 2.48 
PGM,       8,     0.01, 241.53,       240.32,      1.73,       1.46,          0.71,      98.40,        0.00,      65.41,             0.01,       10.99,              0.03,       0.01,             -nan, 100000, 0.99, 1.01, 2.45 
PGM,      32,     0.01, 219.77,       240.69,      1.73,       1.47,          0.75,      89.53,        0.00,      61.37,             0.01,       10.98,              0.03,       0.01,             -nan, 100000, 1.10, 1.01, 2.45 
PGM,      64,     0.01, 255.67,       271.18,      1.74,       1.47,          0.69,     113.42,        0.00,      67.99,             0.01,       10.99,              0.03,       0.00,             -nan, 100000, 1.06, 1.01, 2.25 
PGM,     256,     0.01, 224.76,       267.40,      1.74,       1.47,          0.73,      91.58,        0.00,      63.97,             0.01,       10.98,              0.03,       0.03,             -nan, 100000, 1.19, 1.01, 2.45 
PGM,    1024,     0.01, 198.51,       270.46,      1.75,       1.47,          0.73,      80.88,        0.00,      59.97,             0.01,       10.99,              0.03,       0.02,             -nan, 100000, 1.36, 1.01, 2.45 
PGM,    2048,     0.01, 236.58,       303.60,      1.74,       1.47,          0.71,      96.40,        0.00,      66.97,             0.01,       10.98,              0.03,       0.02,             -nan, 100000, 1.28, 1.01, 2.45 
PGM,    4096,     0.01, 197.59,       281.79,      1.74,       1.47,          0.70,      80.52,        0.00,      57.97,             0.01,        9.98,              0.03,       0.01,             -nan, 100000, 1.43, 1.01, 2.45 
PGM,    8192,     0.01, 203.29,       303.37,      1.76,       1.47,          0.68,      82.83,        0.00,      63.13,             0.01,       10.98,              0.03,       0.00,             -nan, 100000, 1.49, 1.01, 2.45 
PGMCacheL (0, 0.000000, 0),      16,     0.01, 239.08,       181.12,      1.80,       1.48,          0.37,      83.81,        0.00,      57.69,             0.02,       21.33,              0.03,       0.00,             -nan, 100000, 0.76, 1.01, 2.85 
PGMCacheL (0, 0.000000, 0),       4,     0.01, 215.91,       177.01,      1.79,       1.47,          0.37,      87.92,        0.00,      57.65,             0.02,       21.29,              0.03,       0.00,             -nan, 100000, 0.82, 1.01, 2.46 
PGMCacheL (0, 0.000000, 0),       8,     0.01, 217.11,       176.56,      1.79,       1.48,          0.37,      88.45,        0.00,      57.62,             0.02,       21.29,              0.03,       0.00,             -nan, 100000, 0.81, 1.01, 2.45 
PGMCacheL (0, 0.000000, 0),      32,     0.01, 218.01,       179.00,      1.79,       1.47,          0.37,      88.83,        0.00,      57.58,             0.02,       21.28,              0.03,       0.00,             -nan, 100000, 0.82, 1.01, 2.45 
PGMCacheL (0, 0.000000, 0),      64,     0.01, 217.29,       176.69,      1.81,       1.48,          0.38,      88.52,        0.00,      57.63,             0.02,       21.30,              0.03,       0.00,             -nan, 100000, 0.81, 1.01, 2.45 
PGMCacheL (0, 0.000000, 0),     256,     0.01, 218.62,       179.31,      1.80,       1.47,          0.37,      89.09,        0.00,      57.59,             0.02,       21.28,              0.03,       0.00,             -nan, 100000, 0.82, 1.01, 2.45 
PGMCacheL (0, 0.000000, 0),    1024,     0.01, 216.94,       178.51,      1.81,       1.47,          0.37,      84.92,        0.00,      57.53,             0.02,       21.27,              0.03,       0.00,             -nan, 100000, 0.82, 1.01, 2.55 
PGMCacheL (0, 0.000000, 0),    2048,     0.01, 216.39,       176.79,      1.81,       1.47,          0.38,      88.15,        0.00,      57.60,             0.02,       21.28,              0.03,       0.00,             -nan, 100000, 0.82, 1.01, 2.45 
PGMCacheL (0, 0.000000, 0),    4096,     0.01, 216.57,       176.78,      1.82,       1.48,          0.37,      88.20,        0.00,      57.56,             0.02,       21.28,              0.03,       0.00,             -nan, 100000, 0.82, 1.01, 2.46 
PGMCacheL (0, 0.000000, 0),    8192,     0.01, 217.09,       176.93,      1.83,       1.48,          0.38,      88.43,        0.00,      57.58,             0.02,       21.28,              0.03,       0.00,             -nan, 100000, 0.81, 1.01, 2.46 
PGMCacheR (0, 0.000000, 0),      16,     0.01, 216.15,       176.56,      1.78,       1.47,          0.37,      88.06,        0.00,      57.58,             0.02,       21.29,              0.03,       0.00,             -nan, 100000, 0.82, 1.01, 2.45 
PGMCacheR (0, 0.000000, 0),       4,     0.01, 211.33,       170.19,      1.83,       1.47,          0.37,     120.34,        0.00,      57.67,             0.02,       21.30,              0.03,       0.00,             0.03, 100000, 0.81, 1.01, 1.76 
PGMCacheR (0, 0.000000, 0),       8,     0.01, 216.64,       176.73,      1.78,       1.46,          0.36,      88.28,        0.00,      57.57,             0.02,       21.27,              0.03,       0.00,             -nan, 100000, 0.82, 1.01, 2.45 
PGMCacheR (0, 0.000000, 0),      32,     0.01, 215.48,       176.45,      1.79,       1.47,          0.37,      87.79,        0.00,      57.58,             0.02,       21.28,              0.03,       0.00,             -nan, 100000, 0.82, 1.01, 2.45 
PGMCacheR (0, 0.000000, 0),      64,     0.01, 216.56,       176.65,      1.79,       1.47,          0.37,      88.23,        0.00,      57.57,             0.02,       21.27,              0.03,       0.00,             -nan, 100000, 0.82, 1.01, 2.45 
PGMCacheR (0, 0.000000, 0),     256,     0.01, 217.80,       178.64,      1.80,       1.47,          0.38,      92.53,        0.00,      57.61,             0.02,       21.29,              0.03,       0.00,             -nan, 100000, 0.82, 1.01, 2.35 
PGMCacheR (0, 0.000000, 0),    1024,     0.01, 215.60,       176.76,      1.80,       1.47,          0.37,      87.81,        0.00,      57.53,             0.02,       21.27,              0.03,       0.00,             -nan, 100000, 0.82, 1.01, 2.46 
PGMCacheR (0, 0.000000, 0),    2048,     0.01, 216.56,       176.94,      1.82,       1.47,          0.38,      88.20,        0.00,      57.60,             0.02,       21.28,              0.03,       0.00,             -nan, 100000, 0.82, 1.01, 2.46 
PGMCacheR (0, 0.000000, 0),    4096,     0.01, 216.44,       176.83,      1.81,       1.48,          0.38,      88.17,        0.00,      57.56,             0.02,       21.28,              0.03,       0.00,             -nan, 100000, 0.82, 1.01, 2.45 
PGMCacheR (0, 0.000000, 0),    8192,     0.01, 218.09,       179.21,      1.82,       1.48,          0.38,      88.88,        0.00,      57.58,             0.02,       21.28,              0.03,       0.00,             -nan, 100000, 0.82, 1.01, 2.45 
