index, variant, time sec, cycles, instructions, L1-misses, LLC-misses, branch-misses, task-clock, page-faults, DTLB-loads, DTLB-load-misses, DTLB-stores, DTLB-store-misses, ITLB_loads, ITLB_load-misses, scale,  IPC, CPUs,  GHz 
PGM,      16,     0.00, 392.02,       251.28,     14.96,      14.67,          1.01,     163.43,        0.00,      65.37,             0.11,       65.97,              0.27,       -nan,             -nan, 10000, 0.64, 1.06, 2.40 
PGM,       4,     0.00, 436.01,       277.22,     14.78,      14.49,          0.97,     221.31,        0.00,      73.69,             0.08,       64.73,              0.27,       -nan,             -nan, 10000, 0.64, 1.06, 1.97 
PGM,       8,     0.00, 401.78,       260.36,     14.75,      14.50,          0.91,     167.25,        0.00,      68.25,             0.07,       64.56,              0.26,       -nan,             -nan, 10000, 0.65, 1.06, 2.40 
PGM,      32,     0.00, 374.27,       256.17,     14.75,      14.50,          0.97,     156.21,        0.00,      64.20,             0.07,       64.55,              0.27,       -nan,             -nan, 10000, 0.68, 1.07, 2.40 
PGM,      64,     0.00, 409.52,       289.08,     14.75,      14.51,          0.93,     170.41,        0.00,      70.84,             0.07,       64.58,              0.27,       -nan,             -nan, 10000, 0.71, 1.06, 2.40 
PGM,     256,     0.00, 375.67,       284.77,     14.76,      14.47,          0.99,     156.93,        0.00,      66.81,             0.07,       64.58,              0.26,       -nan,             -nan, 10000, 0.76, 1.07, 2.39 
PGM,    1024,     0.00, 346.45,       280.77,     14.77,      14.52,          0.99,     151.16,        0.00,      62.80,             0.07,       64.57,              0.26,       -nan,             -nan, 10000, 0.81, 1.07, 2.29 
PGM,    2048,     0.00, 388.24,       317.78,     14.77,      14.51,          0.94,     161.84,        0.00,      69.81,             0.07,       64.57,              0.26,       -nan,             -nan, 10000, 0.82, 1.07, 2.40 
PGM,    4096,     0.00, 349.85,       291.73,     14.77,      14.51,          0.95,     146.38,        0.00,      60.79,             0.08,       63.55,              0.27,       -nan,             -nan, 10000, 0.83, 1.07, 2.39 
PGM,    8192,     0.00, 358.62,       315.56,     14.79,      14.51,          0.92,     149.94,        0.00,      65.97,             0.08,       64.56,              0.27,       -nan,             -nan, 10000, 0.88, 1.07, 2.39 
PGMCacheL (0, 0.000000, 0),      16,     0.00, 384.47,       198.75,     14.86,      14.59,          0.70,     160.42,        0.00,      62.60,             0.10,       75.88,              0.27,       -nan,             -nan, 10000, 0.52, 1.07, 2.40 
PGMCacheL (0, 0.000000, 0),       4,     0.00, 380.45,       196.79,     14.80,      14.53,          0.70,     158.74,        0.00,      62.15,             0.09,       75.48,              0.27,       -nan,             -nan, 10000, 0.52, 1.07, 2.40 
PGMCacheL (0, 0.000000, 0),       8,     0.00, 378.59,       196.18,     14.79,      14.52,          0.70,     157.91,        0.00,      61.92,             0.09,       75.43,              0.26,       -nan,             -nan, 10000, 0.52, 1.07, 2.40 
PGMCacheL (0, 0.000000, 0),      32,     0.00, 385.18,       195.78,     14.79,      14.52,          0.70,     148.69,        0.00,      61.81,             0.09,       75.40,              0.27,       -nan,             -nan, 10000, 0.51, 1.07, 2.59 
PGMCacheL (0, 0.000000, 0),      64,     0.00, 378.07,       196.20,     14.80,      14.51,          0.71,     157.76,        0.00,      61.89,             0.09,       75.39,              0.26,       -nan,             -nan, 10000, 0.52, 1.07, 2.40 
PGMCacheL (0, 0.000000, 0),     256,     0.00, 382.29,       196.74,     14.82,      14.54,          0.72,     159.47,        0.00,      62.04,             0.09,       75.51,              0.26,       -nan,             -nan, 10000, 0.51, 1.07, 2.40 
PGMCacheL (0, 0.000000, 0),    1024,     0.00, 373.71,       195.99,     14.82,      14.53,          0.71,     162.50,        0.00,      61.77,             0.09,       75.40,              0.26,       -nan,             -nan, 10000, 0.52, 1.07, 2.30 
PGMCacheL (0, 0.000000, 0),    2048,     0.00, 382.97,       196.48,     14.82,      14.52,          0.71,     159.77,        0.00,      61.86,             0.09,       75.40,              0.27,       -nan,             -nan, 10000, 0.51, 1.07, 2.40 
PGMCacheL (0, 0.000000, 0),    4096,     0.00, 380.43,       196.97,     14.83,      14.54,          0.72,     165.44,        0.00,      62.00,             0.10,       75.50,              0.26,       -nan,             -nan, 10000, 0.52, 1.07, 2.30 
PGMCacheL (0, 0.000000, 0),    8192,     0.00, 390.46,       196.53,     14.84,      14.54,          0.71,     150.75,        0.00,      61.82,             0.09,       75.39,              0.27,       -nan,             -nan, 10000, 0.50, 1.07, 2.59 
PGMCacheR (0, 0.000000, 0),      16,     0.00, 385.06,       197.03,     14.81,      14.54,          0.72,     160.52,        0.00,      62.21,             0.09,       75.59,              0.27,       -nan,             -nan, 10000, 0.51, 1.07, 2.40 
PGMCacheR (0, 0.000000, 0),       4,     0.00, 396.10,       196.17,     14.79,      14.53,          0.69,     121.46,        0.00,      61.98,             0.10,       75.41,              0.27,       -nan,             -nan, 10000, 0.50, 1.07, 3.26 
PGMCacheR (0, 0.000000, 0),       8,     0.00, 380.97,       195.85,     14.79,      14.51,          0.69,     158.97,        0.00,      61.87,             0.09,       75.38,              0.27,       -nan,             -nan, 10000, 0.51, 1.07, 2.40 
PGMCacheR (0, 0.000000, 0),      32,     0.00, 378.16,       195.72,     14.80,      14.51,          0.70,     157.75,        0.00,      61.80,             0.09,       75.39,              0.27,       -nan,             -nan, 10000, 0.52, 1.07, 2.40 
PGMCacheR (0, 0.000000, 0),      64,     0.00, 385.62,       196.81,     14.82,      14.55,          0.72,     160.87,        0.00,      62.08,             0.09,       75.48,              0.27,       -nan,             -nan, 10000, 0.51, 1.07, 2.40 
PGMCacheR (0, 0.000000, 0),     256,     0.00, 378.00,       196.72,     14.83,      14.52,          0.71,     157.82,        0.00,      62.04,             0.10,       75.51,              0.26,       -nan,             -nan, 10000, 0.52, 1.07, 2.40 
PGMCacheR (0, 0.000000, 0),    1024,     0.00, 379.63,       196.09,     14.83,      14.52,          0.71,     158.42,        0.00,      61.79,             0.09,       75.41,              0.26,       -nan,             -nan, 10000, 0.52, 1.07, 2.40 
PGMCacheR (0, 0.000000, 0),    2048,     0.00, 377.49,       196.46,     14.82,      14.51,          0.70,     164.03,        0.00,      61.86,             0.09,       75.39,              0.26,       -nan,             -nan, 10000, 0.52, 1.07, 2.30 
PGMCacheR (0, 0.000000, 0),    4096,     0.00, 378.52,       196.44,     14.82,      14.54,          0.71,     157.91,        0.00,      61.82,             0.09,       75.42,              0.26,       -nan,             -nan, 10000, 0.52, 1.07, 2.40 
PGMCacheR (0, 0.000000, 0),    8192,     0.00, 377.51,       196.53,     14.84,      14.53,          0.71,     157.57,        0.00,      61.81,             0.10,       75.39,              0.26,       -nan,             -nan, 10000, 0.52, 1.07, 2.40 
