index, variant, time sec, cycles, instructions, L1-misses, LLC-misses, branch-misses, task-clock, page-faults, DTLB-loads, DTLB-load-misses, DTLB-stores, DTLB-store-misses, ITLB_loads, ITLB_load-misses,  scale,  IPC, CPUs,  GHz 
PGM,      16,     0.03, 214.86,       235.30,      0.67,       0.40,          0.63,      68.04,        0.00,      56.49,             0.01,        6.25,              0.01,       0.01,             0.00, 500000, 1.10, 1.00, 3.16 
PGM,       4,     0.04, 278.91,       270.33,      0.64,       0.37,          0.70,      87.20,        0.00,      68.36,             0.01,        6.35,              0.01,       0.01,             0.00, 500000, 0.97, 1.00, 3.20 
PGM,       8,     0.04, 246.69,       254.64,      0.65,       0.38,          0.68,      77.34,        0.00,      63.03,             0.01,        6.33,              0.01,       0.01,             0.00, 500000, 1.03, 1.00, 3.19 
PGM,      32,     0.04, 221.75,       249.51,      0.66,       0.39,          0.70,      70.60,        0.00,      58.40,             0.01,        6.24,              0.01,       0.01,             0.00, 500000, 1.13, 1.00, 3.14 
PGM,      64,     0.04, 257.75,       282.71,      0.64,       0.38,          0.64,      77.61,        0.00,      65.64,             0.01,        6.33,              0.01,       0.00,             0.00, 500000, 1.10, 1.00, 3.32 
PGM,     256,     0.04, 230.76,       279.05,      0.66,       0.39,          0.71,      72.40,        0.00,      60.64,             0.01,        6.25,              0.01,       0.10,             0.00, 500000, 1.21, 1.00, 3.19 
PGM,    1024,     0.03, 195.21,       272.37,      0.68,       0.40,          0.68,      64.45,        0.00,      56.68,             0.01,        6.21,              0.01,       0.02,             0.00, 500000, 1.40, 1.00, 3.03 
PGM,    2048,     0.04, 237.72,       312.02,      0.65,       0.38,          0.64,      73.65,        0.00,      64.35,             0.01,        6.29,              0.01,       0.01,             0.00, 500000, 1.31, 1.00, 3.23 
PGM,    4096,     0.03, 194.31,       283.34,      0.68,       0.40,          0.65,      64.19,        0.00,      54.75,             0.01,        5.21,              0.01,       0.01,             0.00, 500000, 1.46, 1.00, 3.03 
PGM,    8192,     0.03, 200.23,       307.55,      0.69,       0.40,          0.62,      65.91,        0.00,      59.87,             0.01,        6.22,              0.01,       0.00,             0.00, 500000, 1.54, 1.00, 3.04 
PGMCacheL (0, 0.000000, 0),      16,     0.03, 175.42,       169.18,      0.73,       0.42,          0.21,      55.44,        0.00,      52.02,             0.01,       16.34,              0.01,       0.00,             0.00, 500000, 0.96, 1.00, 3.16 
PGMCacheL (0, 0.000000, 0),       4,     0.03, 173.36,       169.63,      0.72,       0.42,          0.21,      56.09,        0.00,      51.96,             0.01,       16.34,              0.01,       0.00,             0.00, 500000, 0.98, 1.00, 3.09 
PGMCacheL (0, 0.000000, 0),       8,     0.03, 173.07,       170.47,      0.73,       0.41,          0.21,      57.25,        0.00,      50.84,             0.01,       16.32,              0.01,       0.00,             0.00, 500000, 0.99, 1.00, 3.02 
PGMCacheL (0, 0.000000, 0),      32,     0.03, 180.21,       176.79,      0.74,       0.41,          0.21,      57.81,        0.00,      50.98,             0.01,       16.34,              0.01,       0.00,             0.00, 500000, 0.98, 1.00, 3.12 
PGMCacheL (0, 0.000000, 0),      64,     0.03, 184.60,       175.26,      0.72,       0.41,          0.21,      59.12,        0.00,      49.16,             0.01,       16.33,              0.01,       0.00,             0.00, 500000, 0.95, 1.00, 3.12 
PGMCacheL (0, 0.000000, 0),     256,     0.03, 171.88,       169.96,      0.75,       0.41,          0.21,      57.71,        0.00,      51.02,             0.01,       16.34,              0.01,       0.00,             0.00, 500000, 0.99, 1.00, 2.98 
PGMCacheL (0, 0.000000, 0),    1024,     0.03, 173.01,       170.21,      0.76,       0.42,          0.21,      57.17,        0.00,      50.90,             0.01,       16.32,              0.01,       0.00,             0.00, 500000, 0.98, 1.00, 3.03 
PGMCacheL (0, 0.000000, 0),    2048,     0.03, 175.05,       170.22,      0.76,       0.41,          0.22,      58.05,        0.00,      50.58,             0.01,       16.34,              0.01,       0.00,             0.00, 500000, 0.97, 1.00, 3.02 
PGMCacheL (0, 0.000000, 0),    4096,     0.03, 174.63,       169.19,      0.74,       0.42,          0.21,      56.44,        0.00,      51.87,             0.01,       16.32,              0.01,       0.00,             0.00, 500000, 0.97, 1.00, 3.09 
PGMCacheL (0, 0.000000, 0),    8192,     0.03, 173.26,       170.50,      0.77,       0.42,          0.21,      57.29,        0.00,      50.92,             0.01,       16.33,              0.01,       0.00,             0.00, 500000, 0.98, 1.00, 3.02 
PGMCacheR (0, 0.000000, 0),      16,     0.03, 172.91,       169.41,      0.74,       0.41,          0.21,      57.65,        0.00,      51.21,             0.01,       16.33,              0.01,       0.00,             0.00, 500000, 0.98, 1.00, 3.00 
PGMCacheR (0, 0.000000, 0),       4,     0.03, 172.77,       170.05,      0.74,       0.41,          0.21,      57.55,        0.00,      50.79,             0.01,       16.34,              0.01,       0.00,             0.00, 500000, 0.98, 1.00, 3.00 
PGMCacheR (0, 0.000000, 0),       8,     0.03, 172.25,       170.24,      0.74,       0.41,          0.21,      57.81,        0.00,      50.86,             0.01,       16.32,              0.01,       0.00,             0.00, 500000, 0.99, 1.00, 2.98 
PGMCacheR (0, 0.000000, 0),      32,     0.03, 174.46,       170.94,      0.75,       0.41,          0.21,      56.76,        0.00,      50.76,             0.01,       16.34,              0.01,       0.00,             0.00, 500000, 0.98, 1.00, 3.07 
PGMCacheR (0, 0.000000, 0),      64,     0.03, 174.57,       169.28,      0.72,       0.42,          0.21,      56.43,        0.00,      51.89,             0.01,       16.33,              0.01,       0.00,             0.00, 500000, 0.97, 1.00, 3.09 
PGMCacheR (0, 0.000000, 0),     256,     0.03, 175.98,       170.26,      0.73,       0.42,          0.21,      54.50,        0.00,      52.06,             0.01,       16.34,              0.01,       0.00,             0.00, 500000, 0.97, 1.00, 3.23 
PGMCacheR (0, 0.000000, 0),    1024,     0.03, 174.50,       170.66,      0.76,       0.42,          0.21,      56.78,        0.00,      50.81,             0.01,       16.32,              0.01,       0.00,             0.00, 500000, 0.98, 1.00, 3.07 
PGMCacheR (0, 0.000000, 0),    2048,     0.03, 174.58,       170.23,      0.76,       0.42,          0.21,      57.67,        0.00,      50.85,             0.01,       16.34,              0.01,       0.00,             0.00, 500000, 0.98, 1.00, 3.03 
PGMCacheR (0, 0.000000, 0),    4096,     0.03, 173.30,       169.53,      0.75,       0.41,          0.21,      58.11,        0.00,      50.94,             0.01,       16.32,              0.01,       0.00,             0.00, 500000, 0.98, 1.00, 2.98 
PGMCacheR (0, 0.000000, 0),    8192,     0.03, 172.22,       169.80,      0.76,       0.42,          0.22,      57.81,        0.00,      51.01,             0.01,       16.34,              0.01,       0.00,             0.00, 500000, 0.99, 1.00, 2.98 
