index, variant, time sec, cycles, instructions, L1-misses, LLC-misses, branch-misses, task-clock, page-faults, DTLB-loads, DTLB-load-misses, DTLB-stores, DTLB-store-misses, ITLB_loads, ITLB_load-misses, scale,  IPC, CPUs,  GHz 
PGM,      16,     0.00, 500.56,       306.46,     15.23,      14.80,          1.82,     207.01,        0.00,      77.78,             0.12,       65.86,              0.27,       -nan,             -nan, 10000, 0.61, 1.05, 2.42 
PGM,       4,     0.00, 450.63,       282.15,     15.01,      14.66,          1.29,     186.81,        0.00,      74.41,             0.09,       64.63,              0.26,       -nan,             -nan, 10000, 0.63, 1.06, 2.41 
PGM,       8,     0.00, 472.26,       289.94,     14.99,      14.62,          1.63,     181.12,        0.00,      74.91,             0.08,       64.56,              0.27,       -nan,             -nan, 10000, 0.61, 1.05, 2.61 
PGM,      32,     0.00, 441.72,       281.78,     15.10,      14.64,          1.76,     183.41,        0.00,      70.34,             0.08,       64.57,              0.26,       -nan,             -nan, 10000, 0.64, 1.06, 2.41 
PGM,      64,     0.00, 440.27,       292.33,     15.15,      14.67,          1.73,     182.77,        0.00,      71.22,             0.08,       64.56,              0.26,       -nan,             -nan, 10000, 0.66, 1.06, 2.41 
PGM,     256,     0.00, 450.40,       312.68,     15.27,      14.72,          1.85,     186.73,        0.00,      73.01,             0.09,       64.57,              0.26,       -nan,             -nan, 10000, 0.69, 1.06, 2.41 
PGM,    1024,     0.00, 456.48,       334.30,     15.44,      14.84,          1.80,     189.22,        0.00,      74.91,             0.11,       64.56,              0.26,       -nan,             -nan, 10000, 0.73, 1.06, 2.41 
PGM,    2048,     0.00, 422.13,       319.47,     15.51,      14.88,          1.76,     175.51,        0.00,      69.93,             0.12,       64.57,              0.26,       -nan,             -nan, 10000, 0.76, 1.06, 2.41 
PGM,    4096,     0.00, 419.70,       319.32,     15.65,      14.90,          1.81,     174.53,        0.00,      66.91,             0.13,       63.57,              0.26,       -nan,             -nan, 10000, 0.76, 1.06, 2.40 
PGM,    8192,     0.00, 424.87,       341.48,     15.93,      14.95,          1.80,     176.49,        0.00,      71.93,             0.15,       64.59,              0.26,       -nan,             -nan, 10000, 0.80, 1.06, 2.41 
PGMCacheL (0, 0.000000, 0),      16,     0.00, 427.82,       222.71,     15.56,      14.74,          1.21,     177.75,        0.00,      67.82,             0.17,       79.39,              0.28,       -nan,             -nan, 10000, 0.52, 1.06, 2.41 
PGMCacheL (0, 0.000000, 0),       4,     0.00, 403.84,       218.28,     15.36,      14.67,          1.16,     168.14,        0.00,      66.82,             0.17,       78.85,              0.27,       -nan,             -nan, 10000, 0.54, 1.06, 2.40 
PGMCacheL (0, 0.000000, 0),       8,     0.00, 405.22,       218.12,     15.34,      14.65,          1.17,     168.76,        0.00,      66.63,             0.16,       78.76,              0.27,       -nan,             -nan, 10000, 0.54, 1.06, 2.40 
PGMCacheL (0, 0.000000, 0),      32,     0.00, 401.08,       217.16,     15.45,      14.66,          1.21,     167.10,        0.00,      66.20,             0.16,       78.75,              0.26,       -nan,             -nan, 10000, 0.54, 1.06, 2.40 
PGMCacheL (0, 0.000000, 0),      64,     0.00, 400.56,       217.60,     15.56,      14.70,          1.29,     166.86,        0.00,      66.19,             0.16,       78.75,              0.26,       -nan,             -nan, 10000, 0.54, 1.06, 2.40 
PGMCacheL (0, 0.000000, 0),     256,     0.00, 409.62,       219.50,     15.75,      14.76,          1.32,     170.54,        0.00,      66.45,             0.16,       78.85,              0.27,       -nan,             -nan, 10000, 0.54, 1.06, 2.40 
PGMCacheL (0, 0.000000, 0),    1024,     0.00, 407.82,       220.02,     15.95,      14.89,          1.29,     169.79,        0.00,      66.31,             0.17,       78.75,              0.26,       -nan,             -nan, 10000, 0.54, 1.06, 2.40 
PGMCacheL (0, 0.000000, 0),    2048,     0.00, 406.53,       219.08,     16.07,      14.94,          1.30,     169.30,        0.00,      65.99,             0.19,       78.77,              0.26,       -nan,             -nan, 10000, 0.54, 1.06, 2.40 
PGMCacheL (0, 0.000000, 0),    4096,     0.00, 404.54,       220.22,     16.27,      14.98,          1.28,     168.42,        0.00,      66.22,             0.19,       78.85,              0.26,       -nan,             -nan, 10000, 0.54, 1.06, 2.40 
PGMCacheL (0, 0.000000, 0),    8192,     0.00, 418.08,       220.34,     16.42,      15.00,          1.28,     173.80,        0.00,      66.09,             0.21,       78.76,              0.26,       -nan,             -nan, 10000, 0.53, 1.06, 2.41 
PGMCacheR (0, 0.000000, 0),      16,     0.00, 406.26,       219.78,     15.41,      14.68,          1.20,     169.16,        0.00,      67.01,             0.16,       78.93,              0.27,       -nan,             -nan, 10000, 0.54, 1.06, 2.40 
PGMCacheR (0, 0.000000, 0),       4,     0.00, 388.97,       217.73,     15.35,      14.64,          1.15,     225.17,        0.00,      66.63,             0.16,       78.76,              0.26,       -nan,             -nan, 10000, 0.56, 1.06, 1.73 
PGMCacheR (0, 0.000000, 0),       8,     0.00, 403.22,       218.11,     15.35,      14.61,          1.17,     167.92,        0.00,      66.62,             0.17,       78.74,              0.27,       -nan,             -nan, 10000, 0.54, 1.06, 2.40 
PGMCacheR (0, 0.000000, 0),      32,     0.00, 401.45,       217.15,     15.47,      14.66,          1.20,     167.26,        0.00,      66.21,             0.16,       78.76,              0.27,       -nan,             -nan, 10000, 0.54, 1.06, 2.40 
PGMCacheR (0, 0.000000, 0),      64,     0.00, 402.99,       218.21,     15.57,      14.73,          1.22,     167.85,        0.00,      66.39,             0.16,       78.85,              0.26,       -nan,             -nan, 10000, 0.54, 1.06, 2.40 
PGMCacheR (0, 0.000000, 0),     256,     0.00, 404.08,       219.55,     15.74,      14.77,          1.31,     168.25,        0.00,      66.47,             0.16,       78.86,              0.27,       -nan,             -nan, 10000, 0.54, 1.06, 2.40 
PGMCacheR (0, 0.000000, 0),    1024,     0.00, 408.24,       219.88,     15.94,      14.89,          1.28,     169.99,        0.00,      66.29,             0.18,       78.73,              0.26,       -nan,             -nan, 10000, 0.54, 1.06, 2.40 
PGMCacheR (0, 0.000000, 0),    2048,     0.00, 406.37,       218.86,     16.06,      14.95,          1.28,     169.14,        0.00,      65.97,             0.18,       78.75,              0.27,       -nan,             -nan, 10000, 0.54, 1.06, 2.40 
PGMCacheR (0, 0.000000, 0),    4096,     0.00, 408.60,       219.47,     16.25,      14.96,          1.27,     172.99,        0.00,      66.00,             0.19,       78.74,              0.26,       -nan,             -nan, 10000, 0.54, 1.06, 2.36 
PGMCacheR (0, 0.000000, 0),    8192,     0.00, 418.65,       220.29,     16.41,      15.00,          1.29,     161.36,        0.00,      66.08,             0.21,       78.75,              0.27,       -nan,             -nan, 10000, 0.53, 1.06, 2.59 
