index, variant, time sec,  cycles, instructions, L1-misses, LLC-misses, branch-misses, task-clock,   scale,  IPC, CPUs,  GHz 
   RMI,       0,     1.69, 2937.39,       975.97,      9.45,       7.96,          3.14,     843.57, 2000000, 0.33, 1.00, 3.48 
   RMI,       1,     1.70, 2965.49,       980.73,     11.02,       9.29,          3.61,     849.27, 2000000, 0.33, 1.00, 3.49 
   RMI,       2,     1.73, 3016.88,       982.59,     12.73,      10.91,          3.79,     864.00, 2000000, 0.33, 1.00, 3.49 
   RMI,       3,     0.76, 1332.61,       416.19,     15.06,      12.59,          3.81,     381.63, 2000000, 0.31, 1.00, 3.49 
   RMI,       4,     1.82, 3186.08,      1020.32,     19.15,      16.43,          4.49,     912.44, 2000000, 0.32, 1.00, 3.49 
   RMI,       5,     1.84, 3211.85,      1026.03,     21.52,      18.50,          5.25,     919.82, 2000000, 0.32, 1.00, 3.49 
   RMI,       6,     0.94, 1637.49,       463.04,     25.15,      20.75,          4.78,     468.94, 2000000, 0.28, 1.00, 3.49 
   RMI,       7,     1.32, 2296.06,       681.44,     29.66,      24.28,          5.16,     657.67, 2000000, 0.30, 1.00, 3.49 
   RMI,       8,     1.57, 2738.31,       744.17,     43.25,      31.92,          6.28,     784.27, 2000000, 0.27, 1.00, 3.49 
   RMI,       9,     1.74, 3034.48,       773.58,     53.17,      35.88,          6.92,     869.04, 2000000, 0.25, 1.00, 3.49 
    RS,       1,     0.63, 1084.34,       389.01,      7.27,       5.33,          2.39,     313.89, 2000000, 0.36, 1.00, 3.45 
    RS,       2,     0.67, 1160.91,       422.02,      9.19,       6.91,          3.07,     335.71, 2000000, 0.36, 1.00, 3.46 
    RS,       3,     0.65, 1122.67,       398.76,      9.10,       6.49,          2.94,     323.88, 2000000, 0.36, 1.00, 3.47 
    RS,       4,     0.68, 1177.07,       413.82,     10.10,       7.55,          3.20,     339.45, 2000000, 0.35, 1.00, 3.47 
    RS,       5,     0.71, 1225.15,       427.64,     11.75,       8.77,          3.48,     353.71, 2000000, 0.35, 1.00, 3.46 
    RS,       6,     0.73, 1263.57,       431.92,     13.75,      10.14,          3.77,     364.21, 2000000, 0.34, 1.00, 3.47 
    RS,       7,     0.77, 1338.70,       438.70,     16.07,      12.05,          4.06,     386.64, 2000000, 0.33, 1.00, 3.46 
    RS,       8,     0.77, 1335.75,       498.36,     16.58,       9.99,          5.32,     386.93, 2000000, 0.37, 1.00, 3.45 
    RS,       9,     0.80, 1396.25,       516.59,     19.43,      11.44,          5.92,     402.21, 2000000, 0.37, 1.00, 3.47 
    RS,      10,     0.80, 1395.87,       516.60,     19.59,      11.44,          5.95,     402.09, 2000000, 0.37, 1.00, 3.47 
   PGM,      16,     0.51, 887.78,       372.55,     11.21,       5.42,          3.84,     256.57, 2000000, 0.42, 1.00, 3.46 
   PGM,       4,     0.50, 870.47,       365.00,     15.99,       6.87,          3.97,     251.61, 2000000, 0.42, 1.00, 3.46 
   PGM,       8,     0.49, 854.12,       364.03,     11.12,       4.89,          3.65,     246.72, 2000000, 0.43, 1.00, 3.46 
   PGM,      32,     0.53, 913.33,       355.62,     11.92,       6.30,          3.90,     264.77, 2000000, 0.39, 1.00, 3.45 
   PGM,      64,     0.53, 915.02,       367.26,     13.51,       7.33,          4.26,     264.39, 2000000, 0.40, 1.00, 3.46 
   PGM,     256,     0.58, 1000.72,       373.66,     16.68,      10.78,          5.00,     289.65, 2000000, 0.37, 1.00, 3.45 
   PGM,    1024,     0.66, 1145.63,       393.18,     21.26,      15.61,          5.27,     330.43, 2000000, 0.34, 1.00, 3.47 
   PGM,    2048,     0.70, 1218.03,       374.00,     24.54,      18.65,          5.43,     351.15, 2000000, 0.31, 1.00, 3.47 
   PGM,    4096,     0.79, 1374.66,       381.97,     27.24,      21.62,          5.62,     396.73, 2000000, 0.28, 1.00, 3.46 
   PGM,    8192,     0.84, 1457.43,       390.95,     29.01,      22.96,          5.90,     420.42, 2000000, 0.27, 1.00, 3.47 
 PGMMod,      16,     0.51, 885.58,       372.53,     11.15,       5.43,          3.80,     256.07, 2000000, 0.42, 1.00, 3.46 
 PGMMod,       4,     0.49, 851.18,       364.99,     10.80,       4.78,          3.64,     246.84, 2000000, 0.43, 1.00, 3.45 
 PGMMod,       8,     0.49, 853.21,       364.03,     10.84,       4.94,          3.65,     246.67, 2000000, 0.43, 1.00, 3.46 
 PGMMod,      32,     0.51, 886.59,       355.61,     12.05,       6.29,          4.03,     257.27, 2000000, 0.40, 1.00, 3.45 
 PGMMod,      64,     0.54, 931.68,       367.26,     13.06,       7.41,          4.39,     269.87, 2000000, 0.39, 1.00, 3.45 
 PGMMod,     256,     0.57, 962.83,       373.65,     16.59,      10.65,          5.01,     284.63, 2000000, 0.39, 1.00, 3.38 
 PGMMod,    1024,     0.67, 1150.94,       393.18,     21.30,      15.63,          5.21,     332.68, 2000000, 0.34, 1.00, 3.46 
 PGMMod,    2048,     0.71, 1225.19,       374.01,     24.73,      18.66,          5.47,     354.03, 2000000, 0.31, 1.00, 3.46 
 PGMMod,    4096,     0.79, 1361.35,       381.97,     27.15,      21.57,          5.62,     392.95, 2000000, 0.28, 1.00, 3.46 
 PGMMod,    8192,     0.84, 1455.45,       390.98,     28.78,      22.92,          5.68,     419.15, 2000000, 0.27, 1.00, 3.47 
 PGMCache,      16,     0.66, 1151.08,       682.31,     14.87,       5.38,          4.97,     331.87, 2000000, 0.59, 1.00, 3.47 
 PGMCache,       4,     0.65, 1120.29,       678.86,     14.98,       4.78,          4.86,     323.89, 2000000, 0.61, 1.00, 3.46 
 PGMCache,       8,     0.65, 1123.43,       678.90,     14.73,       4.80,          4.86,     324.06, 2000000, 0.60, 1.00, 3.47 
 PGMCache,      32,     0.71, 1229.96,       660.43,     15.82,       6.29,          5.70,     354.35, 2000000, 0.54, 1.00, 3.47 
 PGMCache,      64,     0.70, 1212.14,       679.46,     18.80,       7.38,          5.51,     349.45, 2000000, 0.56, 1.00, 3.47 
 PGMCache,     256,     0.73, 1266.47,       684.32,     20.26,      10.58,          6.23,     365.27, 2000000, 0.54, 1.00, 3.47 
 PGMCache,    1024,     0.85, 1470.27,       677.82,     25.25,      15.58,          7.64,     424.39, 2000000, 0.46, 1.00, 3.46 
 PGMCache,    2048,     0.87, 1518.50,       685.44,     27.78,      18.60,          6.35,     437.21, 2000000, 0.45, 1.00, 3.47 
 PGMCache,    4096,     0.95, 1641.42,       687.65,     30.50,      21.46,          6.58,     472.99, 2000000, 0.42, 1.00, 3.47 
 PGMCache,    8192,     1.01, 1754.53,       691.88,     31.94,      22.94,          6.73,     504.80, 2000000, 0.39, 1.00, 3.48 
 BTree,      32,     0.57, 999.12,       362.05,     14.74,       7.42,          5.00,     286.15, 2000000, 0.36, 1.00, 3.49 
 BTree,       1,     0.72, 1240.88,       374.48,     17.06,       8.41,          4.11,     357.70, 2000000, 0.30, 1.00, 3.47 
 BTree,       4,     0.64, 1106.57,       365.24,     15.80,       7.19,          4.71,     320.13, 2000000, 0.33, 1.00, 3.46 
 BTree,      16,     0.58, 1014.99,       363.92,     15.39,       7.17,          4.86,     290.68, 2000000, 0.36, 1.00, 3.49 
 BTree,      64,     0.57, 988.65,       367.03,     15.57,       7.74,          5.15,     283.19, 2000000, 0.37, 1.00, 3.49 
 BTree,     128,     0.56, 969.18,       364.17,     17.07,       8.77,          5.34,     279.90, 2000000, 0.38, 1.00, 3.46 
 BTree,     512,     0.59, 1026.29,       366.01,     20.72,      12.38,          5.74,     293.91, 2000000, 0.36, 1.00, 3.49 
 BTree,    1024,     0.61, 1058.31,       372.97,     23.90,      14.42,          5.88,     305.46, 2000000, 0.35, 1.00, 3.46 
 BTree,    4096,     0.69, 1212.52,       373.92,     28.71,      19.35,          5.88,     347.26, 2000000, 0.31, 1.00, 3.49 
 BTree,   16384,     0.76, 1320.84,       372.42,     33.44,      22.83,          6.09,     380.04, 2000000, 0.28, 1.00, 3.48 
 BTree,   65536,     0.82, 1436.80,       382.41,     40.09,      26.56,          6.15,     411.48, 2000000, 0.27, 1.00, 3.49 
 BTree,  262144,     0.91, 1582.19,       369.40,     48.76,      30.51,          6.40,     453.12, 2000000, 0.23, 1.00, 3.49 
 FITing,     128,     0.61, 1045.12,       396.46,     17.27,       9.93,          5.17,     302.47, 2000000, 0.38, 1.00, 3.46 
 FITing,       8,     0.60, 1036.97,       391.07,     15.16,       7.26,          4.52,     299.08, 2000000, 0.38, 1.00, 3.47 
 FITing,      16,     0.60, 1031.10,       398.92,     14.36,       7.52,          4.63,     298.36, 2000000, 0.39, 1.00, 3.46 
 FITing,      32,     0.61, 1049.04,       395.45,     15.14,       8.35,          4.79,     303.50, 2000000, 0.38, 1.00, 3.46 
 FITing,      64,     0.60, 1029.92,       394.52,     15.72,       8.85,          4.81,     298.30, 2000000, 0.38, 1.00, 3.45 
 FITing,     256,     0.62, 1072.03,       397.02,     19.12,      11.02,          5.46,     310.07, 2000000, 0.37, 1.00, 3.46 
 FITing,     512,     0.62, 1067.39,       402.43,     20.73,      12.49,          5.36,     308.02, 2000000, 0.38, 1.00, 3.47 
 FITing,    1024,     0.63, 1098.60,       395.65,     23.24,      14.60,          5.81,     316.74, 2000000, 0.36, 1.00, 3.47 
