index, variant, time sec, cycles, instructions, L1-misses, LLC-misses, branch-misses, task-clock, page-faults, DTLB-loads, DTLB-load-misses, DTLB-stores, DTLB-store-misses, ITLB_loads, ITLB_load-misses, scale,  IPC, CPUs,  GHz 
PGM,      16,     0.00, 455.03,       304.08,     14.91,      14.67,          0.57,     188.66,        0.00,      77.30,             0.10,       65.86,              0.28,       -nan,             -nan, 10000, 0.67, 1.06, 2.41 
PGM,       4,     0.00, 412.33,       275.79,     14.74,      14.54,          0.29,     171.59,        0.00,      73.37,             0.07,       64.62,              0.27,       -nan,             -nan, 10000, 0.67, 1.06, 2.40 
PGM,       8,     0.00, 416.44,       285.89,     14.72,      14.48,          0.45,     173.02,        0.00,      74.18,             0.07,       64.55,              0.27,       -nan,             -nan, 10000, 0.69, 1.06, 2.41 
PGM,      32,     0.00, 398.52,       280.42,     14.71,      14.50,          0.45,     165.93,        0.00,      70.06,             0.07,       64.57,              0.27,       -nan,             -nan, 10000, 0.70, 1.06, 2.40 
PGM,      64,     0.00, 394.12,       291.39,     14.71,      14.50,          0.45,     171.02,        0.00,      71.05,             0.07,       64.57,              0.26,       -nan,             -nan, 10000, 0.74, 1.06, 2.30 
PGM,     256,     0.00, 402.27,       313.08,     14.71,      14.49,          0.52,     161.12,        0.00,      73.02,             0.07,       64.56,              0.27,       -nan,             -nan, 10000, 0.78, 1.06, 2.50 
PGM,    1024,     0.00, 406.82,       335.11,     14.72,      14.50,          0.44,     169.45,        0.00,      75.03,             0.07,       64.57,              0.26,       -nan,             -nan, 10000, 0.82, 1.06, 2.40 
PGM,    2048,     0.00, 380.54,       320.29,     14.73,      14.50,          0.46,     152.77,        0.00,      70.05,             0.07,       64.59,              0.26,       -nan,             -nan, 10000, 0.84, 1.07, 2.49 
PGM,    4096,     0.00, 374.35,       320.10,     14.73,      14.52,          0.45,     150.28,        0.00,      67.03,             0.07,       63.58,              0.27,       -nan,             -nan, 10000, 0.86, 1.07, 2.49 
PGM,    8192,     0.00, 373.91,       342.17,     14.74,      14.51,          0.45,     156.12,        0.00,      72.04,             0.07,       64.57,              0.27,       -nan,             -nan, 10000, 0.92, 1.07, 2.40 
PGMCacheL (0, 0.000000, 0),      16,     0.00, 349.60,       186.01,     14.80,      14.55,          0.36,     146.33,        0.00,      59.90,             0.09,       75.15,              0.28,       -nan,             -nan, 10000, 0.53, 1.07, 2.39 
PGMCacheL (0, 0.000000, 0),       4,     0.00, 351.00,       183.92,     14.75,      14.53,          0.35,     146.89,        0.00,      59.35,             0.08,       74.82,              0.27,       -nan,             -nan, 10000, 0.52, 1.07, 2.39 
PGMCacheL (0, 0.000000, 0),       8,     0.00, 349.03,       183.11,     14.73,      14.51,          0.33,     146.23,        0.00,      59.11,             0.08,       74.69,              0.27,       -nan,             -nan, 10000, 0.52, 1.07, 2.39 
PGMCacheL (0, 0.000000, 0),      32,     0.00, 341.79,       183.19,     14.74,      14.49,          0.34,     143.12,        0.00,      59.11,             0.08,       74.70,              0.27,       -nan,             -nan, 10000, 0.54, 1.07, 2.39 
PGMCacheL (0, 0.000000, 0),      64,     0.00, 341.09,       183.13,     14.73,      14.48,          0.33,     142.90,        0.00,      59.09,             0.08,       74.68,              0.26,       -nan,             -nan, 10000, 0.54, 1.07, 2.39 
PGMCacheL (0, 0.000000, 0),     256,     0.00, 355.92,       184.05,     14.76,      14.52,          0.35,     143.17,        0.00,      59.34,             0.08,       74.82,              0.27,       -nan,             -nan, 10000, 0.52, 1.07, 2.49 
PGMCacheL (0, 0.000000, 0),    1024,     0.00, 344.44,       183.26,     14.74,      14.52,          0.33,     144.29,        0.00,      59.11,             0.08,       74.70,              0.26,       -nan,             -nan, 10000, 0.53, 1.07, 2.39 
PGMCacheL (0, 0.000000, 0),    2048,     0.00, 349.62,       183.20,     14.74,      14.51,          0.33,     146.41,        0.00,      59.10,             0.08,       74.70,              0.27,       -nan,             -nan, 10000, 0.52, 1.07, 2.39 
PGMCacheL (0, 0.000000, 0),    4096,     0.00, 339.32,       184.53,     14.76,      14.47,          0.34,     124.48,        0.00,      59.39,             0.08,       74.89,              0.26,       -nan,             -nan, 10000, 0.54, 1.07, 2.73 
PGMCacheL (0, 0.000000, 0),    8192,     0.00, 353.14,       183.86,     14.79,      14.55,          0.35,     147.68,        0.00,      59.26,             0.08,       74.83,              0.27,       -nan,             -nan, 10000, 0.52, 1.07, 2.39 
PGMCacheR (0, 0.000000, 0),      16,     0.00, 347.68,       184.98,     14.76,      14.52,          0.36,     145.60,        0.00,      59.58,             0.09,       74.97,              0.28,       -nan,             -nan, 10000, 0.53, 1.07, 2.39 
PGMCacheR (0, 0.000000, 0),       4,     0.00, 342.28,       183.16,     14.74,      14.48,          0.33,     143.29,        0.00,      59.13,             0.08,       74.71,              0.27,       -nan,             -nan, 10000, 0.54, 1.07, 2.39 
PGMCacheR (0, 0.000000, 0),       8,     0.00, 347.69,       183.18,     14.74,      14.50,          0.34,     145.66,        0.00,      59.13,             0.08,       74.71,              0.27,       -nan,             -nan, 10000, 0.53, 1.07, 2.39 
PGMCacheR (0, 0.000000, 0),      32,     0.00, 343.62,       183.23,     14.74,      14.50,          0.33,     143.90,        0.00,      59.12,             0.08,       74.71,              0.27,       -nan,             -nan, 10000, 0.53, 1.07, 2.39 
PGMCacheR (0, 0.000000, 0),      64,     0.00, 343.38,       183.81,     14.75,      14.53,          0.34,     143.93,        0.00,      59.31,             0.08,       74.80,              0.26,       -nan,             -nan, 10000, 0.54, 1.07, 2.39 
PGMCacheR (0, 0.000000, 0),     256,     0.00, 341.38,       183.87,     14.75,      14.53,          0.35,     143.04,        0.00,      59.31,             0.08,       74.79,              0.27,       -nan,             -nan, 10000, 0.54, 1.07, 2.39 
PGMCacheR (0, 0.000000, 0),    1024,     0.00, 343.65,       183.22,     14.74,      14.51,          0.33,     144.04,        0.00,      59.11,             0.08,       74.69,              0.26,       -nan,             -nan, 10000, 0.53, 1.07, 2.39 
PGMCacheR (0, 0.000000, 0),    2048,     0.00, 343.10,       183.23,     14.74,      14.51,          0.33,     143.80,        0.00,      59.10,             0.08,       74.69,              0.27,       -nan,             -nan, 10000, 0.53, 1.08, 2.39 
PGMCacheR (0, 0.000000, 0),    4096,     0.00, 340.95,       183.23,     14.75,      14.46,          0.33,     148.85,        0.00,      59.10,             0.08,       74.69,              0.26,       -nan,             -nan, 10000, 0.54, 1.08, 2.29 
PGMCacheR (0, 0.000000, 0),    8192,     0.00, 352.76,       183.29,     14.75,      14.51,          0.34,     136.81,        0.00,      59.11,             0.08,       74.70,              0.27,       -nan,             -nan, 10000, 0.52, 1.07, 2.58 
