index, variant, time sec, cycles, instructions, L1-misses, LLC-misses, branch-misses, task-clock, page-faults, DTLB-loads, DTLB-load-misses, DTLB-stores, DTLB-store-misses, ITLB_loads, ITLB_load-misses,  scale,  IPC, CPUs,  GHz 
PGM,      16,     0.05, 292.51,       289.31,      0.64,       0.37,          0.63,      93.28,        0.00,      70.54,             0.01,        6.39,              0.01,       0.00,             0.00, 500000, 0.99, 1.00, 3.14 
PGM,       4,     0.04, 266.08,       270.24,      0.64,       0.37,          0.30,      85.38,        0.00,      68.56,             0.01,        6.36,              0.01,       0.00,             0.00, 500000, 1.02, 1.00, 3.12 
PGM,       8,     0.04, 284.93,       281.11,      0.63,       0.37,          0.61,      85.38,        0.00,      69.39,             0.01,        6.36,              0.01,       0.01,             0.00, 500000, 0.99, 1.00, 3.34 
PGM,      32,     0.04, 258.56,       273.24,      0.65,       0.37,          0.64,      82.80,        0.00,      65.20,             0.01,        6.37,              0.01,       0.01,             0.00, 500000, 1.06, 1.00, 3.12 
PGM,      64,     0.04, 259.95,       284.13,      0.65,       0.37,          0.63,      83.56,        0.00,      66.10,             0.01,        6.36,              0.01,       0.00,             0.00, 500000, 1.09, 1.00, 3.11 
PGM,     256,     0.04, 262.68,       304.60,      0.64,       0.37,          0.70,      82.64,        0.00,      68.30,             0.01,        6.39,              0.01,       0.03,             0.00, 500000, 1.16, 1.00, 3.18 
PGM,    1024,     0.04, 267.09,       327.67,      0.65,       0.37,          0.61,      85.68,        0.00,      69.97,             0.01,        6.36,              0.01,       0.00,             0.00, 500000, 1.23, 1.00, 3.12 
PGM,    2048,     0.04, 234.13,       311.36,      0.65,       0.38,          0.61,      74.07,        0.00,      64.95,             0.01,        6.32,              0.01,       0.00,             0.00, 500000, 1.33, 1.00, 3.16 
PGM,    4096,     0.04, 227.30,       311.16,      0.67,       0.39,          0.62,      72.04,        0.00,      61.90,             0.01,        5.31,              0.01,       0.00,             0.00, 500000, 1.37, 1.00, 3.16 
PGM,    8192,     0.04, 239.85,       334.67,      0.70,       0.38,          0.63,      73.16,        0.00,      66.55,             0.01,        6.28,              0.01,       0.01,             0.00, 500000, 1.40, 1.00, 3.28 
PGMCacheL (0, 0.000000, 0),      16,     0.03, 166.12,       164.56,      0.74,       0.43,          0.17,      51.76,        0.00,      52.68,             0.01,       16.33,              0.01,       0.00,             0.00, 500000, 0.99, 1.00, 3.21 
PGMCacheL (0, 0.000000, 0),       4,     0.03, 163.20,       163.63,      0.74,       0.43,          0.17,      52.05,        0.00,      52.74,             0.01,       16.34,              0.01,       0.00,             0.00, 500000, 1.00, 1.00, 3.14 
PGMCacheL (0, 0.000000, 0),       8,     0.03, 167.20,       163.78,      0.73,       0.42,          0.17,      53.11,        0.00,      52.43,             0.01,       16.32,              0.01,       0.00,             0.00, 500000, 0.98, 1.00, 3.15 
PGMCacheL (0, 0.000000, 0),      32,     0.03, 159.90,       162.22,      0.76,       0.42,          0.17,      53.58,        0.00,      52.21,             0.01,       16.34,              0.01,       0.00,             0.00, 500000, 1.01, 1.00, 2.98 
PGMCacheL (0, 0.000000, 0),      64,     0.03, 158.71,       161.68,      0.76,       0.42,          0.17,      53.96,        0.00,      52.30,             0.01,       16.33,              0.01,       0.00,             0.00, 500000, 1.02, 1.00, 2.94 
PGMCacheL (0, 0.000000, 0),     256,     0.03, 161.88,       161.88,      0.75,       0.43,          0.18,      52.73,        0.00,      52.81,             0.01,       16.34,              0.01,       0.00,             0.00, 500000, 1.00, 1.00, 3.07 
PGMCacheL (0, 0.000000, 0),    1024,     0.03, 160.94,       161.55,      0.75,       0.43,          0.18,      51.48,        0.00,      52.92,             0.01,       16.32,              0.01,       0.00,             0.00, 500000, 1.00, 1.00, 3.13 
PGMCacheL (0, 0.000000, 0),    2048,     0.03, 161.11,       161.63,      0.76,       0.44,          0.18,      51.33,        0.00,      52.95,             0.01,       16.34,              0.01,       0.00,             0.00, 500000, 1.00, 1.00, 3.14 
PGMCacheL (0, 0.000000, 0),    4096,     0.03, 159.33,       161.33,      0.76,       0.43,          0.18,      52.24,        0.00,      53.04,             0.01,       16.33,              0.01,       0.00,             0.00, 500000, 1.01, 1.00, 3.05 
PGMCacheL (0, 0.000000, 0),    8192,     0.03, 165.66,       164.96,      0.76,       0.43,          0.18,      53.88,        0.00,      52.46,             0.01,       16.34,              0.01,       0.00,             0.00, 500000, 1.00, 1.00, 3.07 
PGMCacheR (0, 0.000000, 0),      16,     0.03, 159.63,       162.31,      0.76,       0.43,          0.17,      53.51,        0.00,      52.23,             0.01,       16.33,              0.01,       0.00,             0.00, 500000, 1.02, 1.00, 2.98 
PGMCacheR (0, 0.000000, 0),       4,     0.03, 159.73,       162.30,      0.76,       0.42,          0.17,      53.53,        0.00,      52.24,             0.01,       16.34,              0.01,       0.00,             0.00, 500000, 1.02, 1.00, 2.98 
PGMCacheR (0, 0.000000, 0),       8,     0.03, 161.86,       162.28,      0.75,       0.42,          0.17,      54.12,        0.00,      52.09,             0.01,       16.33,              0.01,       0.00,             0.00, 500000, 1.00, 1.00, 2.99 
PGMCacheR (0, 0.000000, 0),      32,     0.03, 158.41,       162.21,      0.76,       0.43,          0.18,      53.51,        0.00,      52.49,             0.01,       16.34,              0.01,       0.00,             0.00, 500000, 1.02, 1.00, 2.96 
PGMCacheR (0, 0.000000, 0),      64,     0.03, 159.14,       162.13,      0.77,       0.43,          0.17,      53.39,        0.00,      52.26,             0.01,       16.33,              0.01,       0.00,             0.00, 500000, 1.02, 1.00, 2.98 
PGMCacheR (0, 0.000000, 0),     256,     0.03, 161.54,       162.19,      0.76,       0.43,          0.18,      51.99,        0.00,      52.76,             0.01,       16.34,              0.01,       0.00,             0.00, 500000, 1.00, 1.00, 3.11 
PGMCacheR (0, 0.000000, 0),    1024,     0.03, 162.65,       162.19,      0.75,       0.44,          0.18,      50.84,        0.00,      52.93,             0.01,       16.32,              0.01,       0.00,             0.00, 500000, 1.00, 1.00, 3.20 
PGMCacheR (0, 0.000000, 0),    2048,     0.03, 158.57,       161.78,      0.78,       0.43,          0.18,      53.93,        0.00,      52.32,             0.01,       16.34,              0.01,       0.00,             0.00, 500000, 1.02, 1.00, 2.94 
PGMCacheR (0, 0.000000, 0),    4096,     0.03, 154.50,       151.55,      0.76,       0.44,          0.18,      51.66,        0.00,      52.97,             0.01,       16.34,              0.01,       0.00,             0.00, 500000, 0.98, 1.00, 2.99 
PGMCacheR (0, 0.000000, 0),    8192,     0.02, 157.63,       164.06,      0.81,       0.45,          0.18,      48.65,        0.00,      53.49,             0.01,       16.34,              0.01,       0.00,             0.00, 500000, 1.04, 1.00, 3.24 
