index, variant, time sec,  cycles, instructions, L1-misses, LLC-misses, branch-misses, task-clock,   scale,  IPC, CPUs,  GHz 
   RMI,       0,     1.53, 3043.81,       972.09,     15.25,       9.04,          4.01,     874.36, 1750000, 0.32, 1.00, 3.48 
   RMI,       1,     1.54, 3070.26,       976.10,     17.60,      10.63,          4.46,     879.31, 1750000, 0.32, 1.00, 3.49 
   RMI,       2,     1.57, 3126.09,       979.03,     20.47,      12.43,          4.70,     895.27, 1750000, 0.31, 1.00, 3.49 
   RMI,       3,     0.74, 1474.05,       412.08,     24.48,      14.33,          4.72,     422.20, 1750000, 0.28, 1.00, 3.49 
   RMI,       4,     1.69, 3374.72,      1016.45,     30.45,      18.88,          5.59,     966.48, 1750000, 0.30, 1.00, 3.49 
   RMI,       5,     1.73, 3458.54,      1019.56,     33.69,      21.25,          5.92,     990.48, 1750000, 0.29, 1.00, 3.49 
   RMI,       6,     0.94, 1871.35,       455.53,     38.36,      23.81,          5.93,     535.94, 1750000, 0.24, 1.00, 3.49 
   RMI,       7,     1.29, 2573.85,       681.26,     43.59,      27.86,          6.44,     737.12, 1750000, 0.26, 1.00, 3.49 
   RMI,       8,     1.59, 3167.35,       739.94,     61.05,      36.62,          7.90,     907.10, 1750000, 0.23, 1.00, 3.49 
   RMI,       9,     1.79, 3567.24,       770.56,     72.80,      41.11,          8.73,    1021.64, 1750000, 0.22, 1.00, 3.49 
    RS,       1,     0.60, 1185.77,       379.76,     11.41,       6.14,          3.03,     342.32, 1750000, 0.32, 1.00, 3.46 
    RS,       2,     0.64, 1258.90,       417.57,     14.46,       7.88,          3.90,     363.20, 1750000, 0.33, 1.00, 3.47 
    RS,       3,     0.63, 1249.00,       397.08,     14.36,       7.46,          3.72,     360.39, 1750000, 0.32, 1.00, 3.47 
    RS,       4,     0.66, 1302.91,       411.41,     16.77,       8.64,          4.05,     375.84, 1750000, 0.32, 1.00, 3.47 
    RS,       5,     0.69, 1359.00,       423.45,     19.50,      10.02,          4.32,     391.87, 1750000, 0.31, 1.00, 3.47 
    RS,       6,     0.72, 1421.50,       432.39,     22.75,      11.69,          4.65,     409.55, 1750000, 0.30, 1.00, 3.47 
    RS,       7,     0.75, 1492.52,       436.68,     26.44,      13.96,          5.15,     430.25, 1750000, 0.29, 1.00, 3.47 
    RS,       8,     0.74, 1473.32,       495.56,     26.89,      10.94,          6.42,     425.64, 1750000, 0.34, 1.00, 3.46 
    RS,       9,     0.79, 1559.95,       512.97,     31.56,      13.18,          7.21,     449.41, 1750000, 0.33, 1.00, 3.47 
    RS,      10,     0.79, 1568.88,       512.97,     31.50,      13.16,          7.21,     453.05, 1750000, 0.33, 1.00, 3.46 
   PGM,      16,     0.50, 996.25,       371.98,     18.20,       6.16,          4.61,     287.98, 1750000, 0.37, 1.00, 3.46 
   PGM,       4,     0.51, 1005.11,       366.86,     25.98,       7.87,          5.60,     291.17, 1750000, 0.36, 1.00, 3.45 
   PGM,       8,     0.50, 982.99,       365.84,     18.09,       5.53,          4.33,     284.04, 1750000, 0.37, 1.00, 3.46 
   PGM,      32,     0.52, 1025.83,       358.33,     18.95,       7.09,          4.51,     297.27, 1750000, 0.35, 1.00, 3.45 
   PGM,      64,     0.53, 1037.37,       365.69,     20.13,       8.33,          5.06,     300.57, 1750000, 0.35, 1.00, 3.45 
   PGM,     256,     0.56, 1108.95,       374.59,     24.48,      12.29,          5.90,     320.07, 1750000, 0.34, 1.00, 3.46 
   PGM,    1024,     0.65, 1291.85,       392.08,     30.50,      17.90,          6.17,     372.63, 1750000, 0.30, 1.00, 3.47 
   PGM,    2048,     0.70, 1376.53,       377.66,     33.94,      21.34,          6.42,     397.72, 1750000, 0.27, 1.00, 3.46 
   PGM,    4096,     0.81, 1594.49,       381.06,     37.37,      24.85,          6.55,     460.43, 1750000, 0.24, 1.00, 3.46 
   PGM,    8192,     0.84, 1674.62,       390.54,     39.80,      26.37,          6.98,     482.25, 1750000, 0.23, 1.00, 3.47 
 PGMMod,      16,     0.50, 988.17,       371.97,     18.13,       6.15,          4.42,     286.48, 1750000, 0.38, 1.00, 3.45 
 PGMMod,       4,     0.49, 960.18,       366.84,     18.15,       5.44,          4.45,     278.46, 1750000, 0.38, 1.00, 3.45 
 PGMMod,       8,     0.49, 955.62,       365.83,     18.09,       5.57,          4.30,     277.17, 1750000, 0.38, 1.00, 3.45 
 PGMMod,      32,     0.50, 995.97,       358.32,     18.94,       7.10,          4.74,     287.90, 1750000, 0.36, 1.00, 3.46 
 PGMMod,      64,     0.52, 1022.67,       365.66,     20.29,       8.29,          5.14,     295.54, 1750000, 0.36, 1.00, 3.46 
 PGMMod,     256,     0.56, 1106.05,       374.59,     24.47,      12.32,          5.91,     319.44, 1750000, 0.34, 1.00, 3.46 
 PGMMod,    1024,     0.65, 1293.08,       392.09,     30.62,      17.93,          6.06,     372.98, 1750000, 0.30, 1.00, 3.47 
 PGMMod,    2048,     0.69, 1373.79,       377.65,     33.86,      21.35,          6.39,     396.10, 1750000, 0.27, 1.00, 3.47 
 PGMMod,    4096,     0.77, 1526.38,       381.05,     37.10,      24.59,          6.55,     440.63, 1750000, 0.25, 1.00, 3.46 
 PGMMod,    8192,     0.84, 1663.07,       390.53,     39.36,      26.28,          6.66,     478.96, 1750000, 0.23, 1.00, 3.47 
 PGMCache,      16,     0.65, 1284.19,       716.77,     18.07,       6.08,          5.89,     370.68, 1750000, 0.56, 1.00, 3.46 
 PGMCache,       4,     0.64, 1270.47,       712.83,     18.04,       5.40,          5.98,     366.51, 1750000, 0.56, 1.00, 3.47 
 PGMCache,       8,     0.63, 1254.53,       712.87,     17.96,       5.45,          5.77,     362.07, 1750000, 0.57, 1.00, 3.46 
 PGMCache,      32,     0.66, 1303.63,       694.73,     19.08,       7.05,          5.92,     376.00, 1750000, 0.53, 1.00, 3.47 
 PGMCache,      64,     0.68, 1339.22,       713.50,     22.56,       8.44,          6.53,     387.04, 1750000, 0.53, 1.00, 3.46 
 PGMCache,     256,     0.74, 1456.87,       719.07,     24.38,      12.22,          7.14,     420.71, 1750000, 0.49, 1.00, 3.46 
 PGMCache,    1024,     0.81, 1599.29,       714.63,     30.09,      17.85,          7.13,     460.67, 1750000, 0.45, 1.00, 3.47 
 PGMCache,    2048,     0.87, 1726.21,       720.34,     33.03,      21.29,          7.72,     497.86, 1750000, 0.42, 1.00, 3.47 
 PGMCache,    4096,     0.93, 1851.14,       722.87,     36.03,      24.42,          7.98,     532.80, 1750000, 0.39, 1.00, 3.47 
 PGMCache,    8192,     0.99, 1973.49,       727.71,     37.71,      26.22,          7.91,     567.86, 1750000, 0.37, 1.00, 3.48 
 BTree,      32,     0.58, 1150.24,       371.80,     25.04,       8.49,          5.70,     329.41, 1750000, 0.32, 1.00, 3.49 
 BTree,       1,     0.74, 1458.64,       377.45,     28.11,       9.69,          4.71,     420.83, 1750000, 0.26, 1.00, 3.47 
 BTree,       4,     0.65, 1283.60,       366.58,     26.80,       8.20,          5.40,     370.40, 1750000, 0.29, 1.00, 3.47 
 BTree,      16,     0.59, 1176.17,       364.15,     25.05,       8.27,          5.57,     336.85, 1750000, 0.31, 1.00, 3.49 
 BTree,      64,     0.57, 1136.54,       372.84,     24.75,       8.90,          5.90,     325.49, 1750000, 0.33, 1.00, 3.49 
 BTree,     128,     0.56, 1117.01,       368.18,     26.06,      10.14,          6.12,     322.67, 1750000, 0.33, 1.00, 3.46 
 BTree,     512,     0.59, 1169.45,       369.98,     29.66,      14.19,          6.60,     334.92, 1750000, 0.32, 1.00, 3.49 
 BTree,    1024,     0.63, 1243.20,       372.94,     32.78,      17.15,          6.79,     361.02, 1750000, 0.30, 1.00, 3.44 
 BTree,    4096,     0.71, 1410.66,       372.53,     37.05,      22.07,          6.74,     404.01, 1750000, 0.26, 1.00, 3.49 
 BTree,   16384,     0.81, 1601.77,       375.59,     42.17,      26.49,          7.01,     460.91, 1750000, 0.23, 1.00, 3.48 
 BTree,   65536,     0.90, 1795.98,       376.04,     48.60,      31.43,          7.13,     514.37, 1750000, 0.21, 1.00, 3.49 
 BTree,  262144,     0.98, 1958.68,       372.45,     56.79,      36.14,          7.46,     560.94, 1750000, 0.19, 1.00, 3.49 
 FITing,     128,     0.60, 1178.23,       393.58,     26.54,      10.96,          5.91,     340.45, 1750000, 0.33, 1.00, 3.46 
 FITing,       8,     0.61, 1205.75,       385.86,     24.98,       8.37,          5.18,     347.99, 1750000, 0.32, 1.00, 3.46 
 FITing,      16,     0.60, 1196.95,       391.76,     24.77,       8.65,          5.32,     345.61, 1750000, 0.33, 1.00, 3.46 
 FITing,      32,     0.62, 1218.22,       397.97,     25.12,       9.61,          5.47,     351.54, 1750000, 0.33, 1.00, 3.47 
 FITing,      64,     0.60, 1177.32,       394.62,     25.57,       9.95,          5.53,     340.49, 1750000, 0.34, 1.00, 3.46 
 FITing,     256,     0.61, 1201.09,       394.33,     28.90,      12.76,          6.28,     346.64, 1750000, 0.33, 1.00, 3.46 
 FITing,     512,     0.62, 1234.80,       399.18,     30.84,      14.49,          6.19,     356.29, 1750000, 0.32, 1.00, 3.47 
 FITing,    1024,     0.64, 1259.87,       394.10,     33.34,      16.72,          6.67,     363.49, 1750000, 0.31, 1.00, 3.47 
