index, variant, time sec, cycles, instructions, L1-misses, LLC-misses, branch-misses, task-clock, page-faults, DTLB-loads, DTLB-load-misses, DTLB-stores, DTLB-store-misses, ITLB_loads, ITLB_load-misses,  scale,  IPC, CPUs,  GHz 
PGM,      16,     0.04, 282.09,       291.33,      0.62,       0.37,          0.22,      86.33,        0.00,      69.79,             0.01,        6.36,              0.01,       0.00,             0.00, 500000, 1.03, 1.00, 3.27 
PGM,       4,     0.04, 256.69,       267.72,      0.61,       0.38,          0.06,      80.85,        0.00,      68.56,             0.01,        6.40,              0.01,       0.00,             0.00, 500000, 1.04, 1.00, 3.18 
PGM,       8,     0.04, 266.23,       279.17,      0.62,       0.37,          0.21,      85.42,        0.00,      69.29,             0.01,        6.36,              0.01,       0.00,             0.00, 500000, 1.05, 1.00, 3.12 
PGM,      32,     0.04, 243.88,       273.75,      0.62,       0.38,          0.22,      78.44,        0.00,      65.00,             0.01,        6.35,              0.01,       0.00,             0.00, 500000, 1.12, 1.00, 3.11 
PGM,      64,     0.04, 247.15,       285.75,      0.62,       0.38,          0.21,      78.13,        0.00,      65.58,             0.01,        6.32,              0.01,       0.00,             0.00, 500000, 1.16, 1.00, 3.16 
PGM,     256,     0.04, 250.15,       305.95,      0.62,       0.38,          0.28,      78.46,        0.00,      68.45,             0.01,        6.35,              0.01,       0.02,             0.00, 500000, 1.22, 1.00, 3.19 
PGM,    1024,     0.04, 277.78,       351.19,      0.62,       0.37,          0.20,      83.28,        0.00,      68.35,             0.01,        6.25,              0.01,       0.00,             0.00, 500000, 1.26, 1.00, 3.34 
PGM,    2048,     0.03, 222.90,       315.37,      0.64,       0.39,          0.20,      69.84,        0.00,      63.49,             0.01,        6.23,              0.01,       0.00,             0.00, 500000, 1.41, 1.00, 3.19 
PGM,    4096,     0.03, 216.66,       314.33,      0.65,       0.39,          0.21,      69.06,        0.00,      60.60,             0.01,        5.24,              0.01,       0.00,             0.00, 500000, 1.45, 1.00, 3.14 
PGM,    8192,     0.04, 223.30,       335.35,      0.65,       0.38,          0.21,      72.68,        0.00,      66.35,             0.01,        6.28,              0.01,       0.00,             0.00, 500000, 1.50, 1.00, 3.07 
PGMCacheL (0, 0.000000, 0),      16,     0.03, 156.97,       161.57,      0.66,       0.43,          0.07,      53.27,        0.00,      51.73,             0.01,       16.23,              0.01,       0.00,             0.00, 500000, 1.03, 1.00, 2.95 
PGMCacheL (0, 0.000000, 0),       4,     0.03, 157.96,       163.93,      0.66,       0.43,          0.07,      53.07,        0.00,      51.52,             0.01,       16.22,              0.01,       0.00,             0.00, 500000, 1.04, 1.00, 2.98 
PGMCacheL (0, 0.000000, 0),       8,     0.03, 160.26,       164.01,      0.66,       0.42,          0.07,      54.40,        0.00,      51.20,             0.01,       16.22,              0.01,       0.00,             0.00, 500000, 1.02, 1.00, 2.95 
PGMCacheL (0, 0.000000, 0),      32,     0.03, 157.76,       163.80,      0.66,       0.43,          0.07,      53.00,        0.00,      51.55,             0.01,       16.22,              0.01,       0.00,             0.00, 500000, 1.04, 1.00, 2.98 
PGMCacheL (0, 0.000000, 0),      64,     0.03, 160.25,       163.04,      0.64,       0.43,          0.07,      51.18,        0.00,      52.51,             0.01,       16.22,              0.01,       0.00,             0.00, 500000, 1.02, 1.00, 3.13 
PGMCacheL (0, 0.000000, 0),     256,     0.03, 160.06,       164.45,      0.64,       0.43,          0.07,      52.66,        0.00,      52.06,             0.01,       16.22,              0.01,       0.00,             0.00, 500000, 1.03, 1.00, 3.04 
PGMCacheL (0, 0.000000, 0),    1024,     0.03, 170.98,       174.99,      0.64,       0.42,          0.07,      55.97,        0.00,      48.86,             0.01,       16.22,              0.01,       0.00,             0.00, 500000, 1.02, 1.00, 3.06 
PGMCacheL (0, 0.000000, 0),    2048,     0.03, 158.59,       164.66,      0.66,       0.43,          0.07,      52.96,        0.00,      51.31,             0.01,       16.22,              0.01,       0.00,             0.00, 500000, 1.04, 1.00, 2.99 
PGMCacheL (0, 0.000000, 0),    4096,     0.03, 160.66,       163.83,      0.65,       0.43,          0.07,      51.39,        0.00,      52.49,             0.01,       16.22,              0.01,       0.00,             0.00, 500000, 1.02, 1.00, 3.13 
PGMCacheL (0, 0.000000, 0),    8192,     0.03, 156.93,       162.89,      0.66,       0.43,          0.07,      52.71,        0.00,      52.00,             0.01,       16.22,              0.01,       0.00,             0.00, 500000, 1.04, 1.00, 2.98 
PGMCacheR (0, 0.000000, 0),      16,     0.03, 166.03,       170.18,      0.64,       0.42,          0.07,      53.69,        0.00,      50.81,             0.01,       16.22,              0.01,       0.00,             0.00, 500000, 1.03, 1.00, 3.09 
PGMCacheR (0, 0.000000, 0),       4,     0.03, 166.35,       172.22,      0.65,       0.42,          0.07,      52.99,        0.00,      51.56,             0.01,       16.22,              0.01,       0.00,             0.00, 500000, 1.04, 1.00, 3.14 
PGMCacheR (0, 0.000000, 0),       8,     0.03, 162.54,       163.63,      0.64,       0.43,          0.07,      51.82,        0.00,      52.28,             0.01,       16.22,              0.01,       0.00,             0.00, 500000, 1.01, 1.00, 3.14 
PGMCacheR (0, 0.000000, 0),      32,     0.03, 159.08,       163.93,      0.66,       0.42,          0.07,      52.89,        0.00,      51.47,             0.01,       16.21,              0.01,       0.00,             0.00, 500000, 1.03, 1.00, 3.01 
PGMCacheR (0, 0.000000, 0),      64,     0.03, 161.84,       164.06,      0.64,       0.43,          0.07,      50.72,        0.00,      52.65,             0.01,       16.22,              0.01,       0.00,             0.00, 500000, 1.01, 1.00, 3.19 
PGMCacheR (0, 0.000000, 0),     256,     0.03, 158.56,       161.55,      0.64,       0.43,          0.07,      50.55,        0.00,      52.94,             0.01,       16.22,              0.01,       0.00,             0.00, 500000, 1.02, 1.00, 3.14 
PGMCacheR (0, 0.000000, 0),    1024,     0.03, 158.58,       162.97,      0.64,       0.43,          0.07,      51.78,        0.00,      52.40,             0.01,       16.22,              0.01,       0.00,             0.00, 500000, 1.03, 1.00, 3.06 
PGMCacheR (0, 0.000000, 0),    2048,     0.03, 158.91,       162.88,      0.64,       0.43,          0.07,      50.83,        0.00,      52.64,             0.01,       16.22,              0.01,       0.00,             0.00, 500000, 1.03, 1.00, 3.13 
PGMCacheR (0, 0.000000, 0),    4096,     0.03, 157.41,       163.27,      0.66,       0.42,          0.07,      53.60,        0.00,      51.50,             0.01,       16.22,              0.01,       0.00,             0.00, 500000, 1.04, 1.00, 2.94 
PGMCacheR (0, 0.000000, 0),    8192,     0.03, 160.52,       163.73,      0.65,       0.43,          0.07,      51.27,        0.00,      52.44,             0.01,       16.22,              0.01,       0.00,             0.00, 500000, 1.02, 1.00, 3.13 
