index, variant, time sec,  cycles, instructions, L1-misses, LLC-misses, branch-misses, task-clock,   scale,  IPC, CPUs,  GHz 
   RMI,       0,     0.83, 1641.03,       747.96,      6.78,       3.88,          2.07,     472.67, 1750000, 0.46, 1.00, 3.47 
   RMI,       1,     0.83, 1658.21,       740.45,      7.28,       4.14,          2.52,     474.93, 1750000, 0.45, 1.00, 3.49 
   RMI,       2,     0.83, 1650.57,       742.93,      7.46,       4.25,          2.80,     472.73, 1750000, 0.45, 1.00, 3.49 
   RMI,       3,     0.81, 1607.12,       750.97,      8.20,       4.66,          3.75,     460.26, 1750000, 0.47, 1.00, 3.49 
   RMI,       4,     0.83, 1658.51,       755.83,      9.07,       5.04,          3.21,     475.00, 1750000, 0.46, 1.00, 3.49 
   RMI,       5,     0.84, 1678.72,       761.61,     10.26,       5.64,          3.57,     480.80, 1750000, 0.45, 1.00, 3.49 
   RMI,       6,     0.84, 1685.23,       761.65,     11.88,       6.68,          3.80,     482.64, 1750000, 0.45, 1.00, 3.49 
   RMI,       7,     0.91, 1818.12,       790.48,     18.07,      10.62,          4.71,     520.74, 1750000, 0.43, 1.00, 3.49 
   RMI,       8,     1.31, 2608.70,       855.73,     40.62,      27.33,          6.77,     747.21, 1750000, 0.33, 1.00, 3.49 
   RMI,       9,     1.41, 2812.96,       708.61,     49.49,      31.67,          7.53,     805.63, 1750000, 0.25, 1.00, 3.49 
    RS,       1,     0.56, 1105.19,       361.46,     10.35,       5.36,          2.43,     319.19, 1750000, 0.33, 1.00, 3.46 
    RS,       2,     0.58, 1139.20,       371.73,     11.19,       5.70,          2.92,     328.92, 1750000, 0.33, 1.00, 3.46 
    RS,       3,     0.59, 1165.46,       382.53,     12.25,       6.13,          3.10,     336.21, 1750000, 0.33, 1.00, 3.47 
    RS,       4,     0.59, 1161.40,       377.92,     12.94,       6.35,          3.30,     336.34, 1750000, 0.33, 1.00, 3.45 
    RS,       5,     0.61, 1210.49,       391.84,     14.69,       7.29,          3.58,     350.39, 1750000, 0.32, 1.00, 3.45 
    RS,       6,     0.63, 1257.30,       401.63,     16.79,       8.65,          3.82,     362.78, 1750000, 0.32, 1.00, 3.47 
    RS,       7,     0.66, 1300.71,       404.11,     19.42,      10.41,          4.24,     375.21, 1750000, 0.31, 1.00, 3.47 
    RS,       8,     0.70, 1383.96,       415.40,     23.57,      12.96,          4.65,     399.02, 1750000, 0.30, 1.00, 3.47 
    RS,       9,     0.63, 1240.14,       475.88,     20.09,       6.71,          5.93,     357.86, 1750000, 0.38, 1.00, 3.47 
    RS,      10,     0.64, 1275.86,       407.81,     19.26,      10.06,          4.42,     368.17, 1750000, 0.32, 1.00, 3.47 
   PGM,      16,     0.38, 746.79,       301.39,     14.72,       4.97,          3.71,     217.39, 1750000, 0.40, 1.00, 3.44 
   PGM,       4,     0.43, 851.41,       313.35,     15.63,       5.90,          4.26,     246.00, 1750000, 0.37, 1.00, 3.46 
   PGM,       8,     0.39, 777.82,       292.71,     13.99,       5.35,          3.59,     225.43, 1750000, 0.38, 1.00, 3.45 
   PGM,      32,     0.39, 772.66,       307.92,     15.00,       5.80,          4.12,     224.40, 1750000, 0.40, 1.00, 3.44 
   PGM,      64,     0.42, 834.99,       310.42,     15.00,       7.54,          4.44,     242.66, 1750000, 0.37, 1.00, 3.44 
   PGM,     256,     0.51, 1011.19,       329.81,     20.92,      12.69,          5.09,     293.09, 1750000, 0.33, 1.00, 3.45 
   PGM,    1024,     0.60, 1190.27,       321.68,     28.28,      18.71,          5.38,     343.54, 1750000, 0.27, 1.00, 3.46 
   PGM,    2048,     0.67, 1318.90,       329.44,     32.25,      21.99,          5.70,     380.37, 1750000, 0.25, 1.00, 3.47 
   PGM,    4096,     0.74, 1470.99,       343.95,     36.13,      25.05,          5.90,     424.81, 1750000, 0.23, 1.00, 3.46 
   PGM,    8192,     0.82, 1629.84,       353.11,     39.12,      26.87,          6.80,     470.26, 1750000, 0.22, 1.00, 3.47 
 PGMMod,      16,     0.39, 762.88,       308.57,     14.77,       4.98,          3.70,     221.98, 1750000, 0.40, 1.00, 3.44 
 PGMMod,       4,     0.42, 826.80,       313.34,     13.88,       5.65,          3.60,     239.33, 1750000, 0.38, 1.00, 3.45 
 PGMMod,       8,     0.39, 778.42,       292.71,     13.92,       5.32,          3.62,     225.62, 1750000, 0.38, 1.00, 3.45 
 PGMMod,      32,     0.40, 775.96,       307.92,     15.00,       5.83,          4.27,     225.79, 1750000, 0.40, 1.00, 3.44 
 PGMMod,      64,     0.42, 832.44,       310.42,     14.99,       7.55,          4.65,     241.09, 1750000, 0.37, 1.00, 3.45 
 PGMMod,     256,     0.51, 1012.21,       329.81,     20.84,      12.71,          5.04,     293.40, 1750000, 0.33, 1.00, 3.45 
 PGMMod,    1024,     0.61, 1214.14,       321.70,     28.22,      18.62,          5.39,     351.40, 1750000, 0.26, 1.00, 3.46 
 PGMMod,    2048,     0.67, 1318.97,       329.45,     32.40,      22.09,          5.71,     380.30, 1750000, 0.25, 1.00, 3.47 
 PGMMod,    4096,     0.74, 1469.13,       343.95,     36.08,      25.07,          5.91,     424.25, 1750000, 0.23, 1.00, 3.46 
 PGMMod,    8192,     0.82, 1629.99,       353.11,     38.75,      26.79,          6.46,     470.33, 1750000, 0.22, 1.00, 3.47 
 PGMCache,      16,     0.04,  71.84,        53.39,      4.45,       1.81,          0.01,      23.25, 1750000, 0.74, 1.00, 3.09 
 PGMCache,       4,     0.03,  54.93,        46.19,      4.43,       1.83,          0.00,      18.41, 1750000, 0.84, 1.00, 2.98 
 PGMCache,       8,     0.03,  54.94,        46.19,      4.43,       1.83,          0.00,      18.42, 1750000, 0.84, 1.00, 2.98 
 PGMCache,      32,     0.03,  54.65,        46.19,      4.43,       1.83,          0.00,      19.45, 1750000, 0.85, 1.00, 2.81 
 PGMCache,      64,     0.03,  54.96,        46.19,      4.43,       1.83,          0.00,      18.42, 1750000, 0.84, 1.00, 2.98 
 PGMCache,     256,     0.03,  54.98,        46.19,      4.43,       1.83,          0.00,      18.43, 1750000, 0.84, 1.00, 2.98 
 PGMCache,    1024,     0.03,  54.93,        46.20,      4.43,       1.83,          0.00,      18.41, 1750000, 0.84, 1.00, 2.98 
 PGMCache,    2048,     0.03,  54.57,        46.19,      4.43,       1.83,          0.00,      19.43, 1750000, 0.85, 1.00, 2.81 
 PGMCache,    4096,     0.03,  55.19,        46.20,      4.43,       1.84,          0.00,      18.35, 1750000, 0.84, 1.00, 3.01 
 PGMCache,    8192,     0.03,  56.34,        46.20,      4.43,       1.78,          0.00,      19.63, 1750000, 0.82, 1.00, 2.87 
 BTree,      32,     0.58, 1165.11,       375.79,     25.23,       9.09,          6.32,     333.67, 1750000, 0.32, 1.00, 3.49 
 BTree,       1,     0.77, 1521.71,       382.19,     30.84,      10.94,          5.55,     438.93, 1750000, 0.25, 1.00, 3.47 
 BTree,       4,     0.67, 1324.41,       370.42,     27.00,       9.10,          6.08,     383.01, 1750000, 0.28, 1.00, 3.46 
 BTree,      16,     0.59, 1186.15,       367.89,     25.31,       8.79,          6.17,     339.70, 1750000, 0.31, 1.00, 3.49 
 BTree,      64,     0.58, 1159.32,       376.90,     26.12,       9.63,          6.56,     332.03, 1750000, 0.33, 1.00, 3.49 
 BTree,     128,     0.58, 1150.19,       377.96,     26.89,      10.74,          6.78,     332.11, 1750000, 0.33, 1.00, 3.46 
 BTree,     512,     0.59, 1184.90,       373.71,     30.33,      14.76,          7.26,     339.37, 1750000, 0.32, 1.00, 3.49 
 BTree,    1024,     0.63, 1243.27,       376.36,     33.56,      17.39,          7.55,     359.16, 1750000, 0.30, 1.00, 3.46 
 BTree,    4096,     0.68, 1364.51,       378.92,     38.31,      21.94,          7.38,     390.80, 1750000, 0.28, 1.00, 3.49 
 BTree,   16384,     0.88, 1746.51,       378.90,     43.65,      28.03,          7.71,     502.90, 1750000, 0.22, 1.00, 3.47 
 BTree,   65536,     1.01, 2024.45,       380.52,     49.45,      33.30,          7.74,     579.81, 1750000, 0.19, 1.00, 3.49 
 BTree,  262144,     1.11, 2219.89,       377.02,     56.98,      37.56,          8.21,     635.79, 1750000, 0.17, 1.00, 3.49 
 FITing,     128,     0.47, 921.46,       369.36,     22.97,       9.01,          5.61,     266.58, 1750000, 0.40, 1.00, 3.46 
 FITing,       8,     0.59, 1165.24,       389.25,     24.17,       8.66,          5.45,     336.39, 1750000, 0.33, 1.00, 3.46 
 FITing,      16,     0.54, 1070.91,       390.63,     22.62,       7.60,          5.41,     310.21, 1750000, 0.36, 1.00, 3.45 
 FITing,      32,     0.51, 1000.85,       376.93,     22.13,       7.38,          5.61,     289.31, 1750000, 0.38, 1.00, 3.46 
 FITing,      64,     0.47, 932.44,       374.50,     22.01,       7.46,          5.52,     270.56, 1750000, 0.40, 1.00, 3.45 
 FITing,     256,     0.50, 978.37,       366.41,     24.88,      11.33,          5.95,     282.87, 1750000, 0.37, 1.00, 3.46 
 FITing,     512,     0.55, 1078.13,       369.31,     27.80,      14.08,          6.16,     311.58, 1750000, 0.34, 1.00, 3.46 
 FITing,    1024,     0.60, 1191.38,       378.63,     31.34,      17.47,          6.51,     344.52, 1750000, 0.32, 1.00, 3.46 
